version,1.7.0
info,balls_per_over,6
info,team,India
info,team,South Africa
info,gender,male
info,season,2021/22
info,date,2021/12/26
info,date,2021/12/27
info,date,2021/12/28
info,date,2021/12/29
info,date,2021/12/30
info,event,India tour of South Africa
info,match_number,1
info,venue,"SuperSport Park, Centurion"
info,city,Centurion
info,toss_winner,India
info,toss_decision,bat
info,player_of_match,KL Rahul
info,umpire,AT Holdstock
info,umpire,M Erasmus
info,reserve_umpire,BP Jele
info,tv_umpire,A Paleker
info,match_referee,AJ Pycroft
info,winner,India
info,winner_runs,113
info,player,India,KL Rahul
info,player,India,MA Agarwal
info,player,India,CA Pujara
info,player,India,V Kohli
info,player,India,AM Rahane
info,player,India,RR Pant
info,player,India,R Ashwin
info,player,India,SN Thakur
info,player,India,Mohammed Shami
info,player,India,JJ Bumrah
info,player,India,Mohammed Siraj
info,player,South Africa,D Elgar
info,player,South Africa,AK Markram
info,player,South Africa,KD Petersen
info,player,South Africa,HE van der Dussen
info,player,South Africa,T Bavuma
info,player,South Africa,Q de Kock
info,player,South Africa,PWA Mulder
info,player,South Africa,M Jansen
info,player,South Africa,K Rabada
info,player,South Africa,KA Maharaj
info,player,South Africa,L Ngidi
info,registry,people,A Paleker,634b11ac
info,registry,people,AJ Pycroft,685d3f80
info,registry,people,AK Markram,6a26221c
info,registry,people,AM Rahane,29e95537
info,registry,people,AT Holdstock,6fa3258c
info,registry,people,BP Jele,7bb1331e
info,registry,people,CA Pujara,d4f9dbd4
info,registry,people,D Elgar,33085ffb
info,registry,people,HE van der Dussen,9948e262
info,registry,people,JJ Bumrah,462411b3
info,registry,people,K Rabada,e62dd25d
info,registry,people,KA Maharaj,0b60eb09
info,registry,people,KD Petersen,bf64dc29
info,registry,people,KL Rahul,b17e2f24
info,registry,people,L Ngidi,f834dcfc
info,registry,people,M Erasmus,15d3c895
info,registry,people,M Jansen,81c36ee9
info,registry,people,MA Agarwal,00ea847a
info,registry,people,Mohammed Shami,8cf9814c
info,registry,people,Mohammed Siraj,2f49c897
info,registry,people,PWA Mulder,c96f6ac5
info,registry,people,Q de Kock,372455c4
info,registry,people,R Ashwin,495d42a5
info,registry,people,RR Pant,919a3be2
info,registry,people,SN Thakur,1abb78f8
info,registry,people,T Bavuma,9ffd1ac1
info,registry,people,V Kohli,ba607b88
ball,1,0.1,India,KL Rahul,MA Agarwal,K Rabada,0,0,,,,,,"",""
ball,1,0.2,India,KL Rahul,MA Agarwal,K Rabada,0,0,,,,,,"",""
ball,1,0.3,India,KL Rahul,MA Agarwal,K Rabada,0,0,,,,,,"",""
ball,1,0.4,India,KL Rahul,MA Agarwal,K Rabada,0,0,,,,,,"",""
ball,1,0.5,India,KL Rahul,MA Agarwal,K Rabada,0,0,,,,,,"",""
ball,1,0.6,India,KL Rahul,MA Agarwal,K Rabada,0,0,,,,,,"",""
ball,1,1.1,India,MA Agarwal,KL Rahul,L Ngidi,2,0,,,,,,"",""
ball,1,1.2,India,MA Agarwal,KL Rahul,L Ngidi,0,0,,,,,,"",""
ball,1,1.3,India,MA Agarwal,KL Rahul,L Ngidi,0,0,,,,,,"",""
ball,1,1.4,India,MA Agarwal,KL Rahul,L Ngidi,0,0,,,,,,"",""
ball,1,1.5,India,MA Agarwal,KL Rahul,L Ngidi,0,0,,,,,,"",""
ball,1,1.6,India,MA Agarwal,KL Rahul,L Ngidi,0,0,,,,,,"",""
ball,1,2.1,India,KL Rahul,MA Agarwal,K Rabada,0,0,,,,,,"",""
ball,1,2.2,India,KL Rahul,MA Agarwal,K Rabada,0,0,,,,,,"",""
ball,1,2.3,India,KL Rahul,MA Agarwal,K Rabada,0,0,,,,,,"",""
ball,1,2.4,India,KL Rahul,MA Agarwal,K Rabada,0,0,,,,,,"",""
ball,1,2.5,India,KL Rahul,MA Agarwal,K Rabada,0,0,,,,,,"",""
ball,1,2.6,India,KL Rahul,MA Agarwal,K Rabada,0,0,,,,,,"",""
ball,1,3.1,India,MA Agarwal,KL Rahul,L Ngidi,4,0,,,,,,"",""
ball,1,3.2,India,MA Agarwal,KL Rahul,L Ngidi,0,0,,,,,,"",""
ball,1,3.3,India,MA Agarwal,KL Rahul,L Ngidi,0,0,,,,,,"",""
ball,1,3.4,India,MA Agarwal,KL Rahul,L Ngidi,0,0,,,,,,"",""
ball,1,3.5,India,MA Agarwal,KL Rahul,L Ngidi,2,0,,,,,,"",""
ball,1,3.6,India,MA Agarwal,KL Rahul,L Ngidi,0,0,,,,,,"",""
ball,1,4.1,India,KL Rahul,MA Agarwal,K Rabada,0,0,,,,,,"",""
ball,1,4.2,India,KL Rahul,MA Agarwal,K Rabada,0,0,,,,,,"",""
ball,1,4.3,India,KL Rahul,MA Agarwal,K Rabada,0,0,,,,,,"",""
ball,1,4.4,India,KL Rahul,MA Agarwal,K Rabada,0,0,,,,,,"",""
ball,1,4.5,India,KL Rahul,MA Agarwal,K Rabada,0,0,,,,,,"",""
ball,1,4.6,India,KL Rahul,MA Agarwal,K Rabada,0,0,,,,,,"",""
ball,1,5.1,India,MA Agarwal,KL Rahul,L Ngidi,0,0,,,,,,"",""
ball,1,5.2,India,MA Agarwal,KL Rahul,L Ngidi,0,0,,,,,,"",""
ball,1,5.3,India,MA Agarwal,KL Rahul,L Ngidi,0,0,,,,,,"",""
ball,1,5.4,India,MA Agarwal,KL Rahul,L Ngidi,1,0,,,,,,"",""
ball,1,5.5,India,KL Rahul,MA Agarwal,L Ngidi,0,0,,,,,,"",""
ball,1,5.6,India,KL Rahul,MA Agarwal,L Ngidi,0,0,,,,,,"",""
ball,1,6.1,India,MA Agarwal,KL Rahul,K Rabada,1,0,,,,,,"",""
ball,1,6.2,India,KL Rahul,MA Agarwal,K Rabada,1,0,,,,,,"",""
ball,1,6.3,India,MA Agarwal,KL Rahul,K Rabada,0,0,,,,,,"",""
ball,1,6.4,India,MA Agarwal,KL Rahul,K Rabada,0,0,,,,,,"",""
ball,1,6.5,India,MA Agarwal,KL Rahul,K Rabada,0,0,,,,,,"",""
ball,1,6.6,India,MA Agarwal,KL Rahul,K Rabada,0,0,,,,,,"",""
ball,1,7.1,India,KL Rahul,MA Agarwal,L Ngidi,1,0,,,,,,"",""
ball,1,7.2,India,MA Agarwal,KL Rahul,L Ngidi,1,0,,,,,,"",""
ball,1,7.3,India,KL Rahul,MA Agarwal,L Ngidi,3,0,,,,,,"",""
ball,1,7.4,India,MA Agarwal,KL Rahul,L Ngidi,0,0,,,,,,"",""
ball,1,7.5,India,MA Agarwal,KL Rahul,L Ngidi,0,0,,,,,,"",""
ball,1,7.6,India,MA Agarwal,KL Rahul,L Ngidi,0,0,,,,,,"",""
ball,1,8.1,India,KL Rahul,MA Agarwal,K Rabada,0,0,,,,,,"",""
ball,1,8.2,India,KL Rahul,MA Agarwal,K Rabada,4,0,,,,,,"",""
ball,1,8.3,India,KL Rahul,MA Agarwal,K Rabada,0,0,,,,,,"",""
ball,1,8.4,India,KL Rahul,MA Agarwal,K Rabada,0,0,,,,,,"",""
ball,1,8.5,India,KL Rahul,MA Agarwal,K Rabada,0,0,,,,,,"",""
ball,1,8.6,India,KL Rahul,MA Agarwal,K Rabada,0,0,,,,,,"",""
ball,1,9.1,India,MA Agarwal,KL Rahul,M Jansen,4,0,,,,,,"",""
ball,1,9.2,India,MA Agarwal,KL Rahul,M Jansen,0,0,,,,,,"",""
ball,1,9.3,India,MA Agarwal,KL Rahul,M Jansen,0,0,,,,,,"",""
ball,1,9.4,India,MA Agarwal,KL Rahul,M Jansen,4,0,,,,,,"",""
ball,1,9.5,India,MA Agarwal,KL Rahul,M Jansen,4,0,,,,,,"",""
ball,1,9.6,India,MA Agarwal,KL Rahul,M Jansen,0,0,,,,,,"",""
ball,1,10.1,India,KL Rahul,MA Agarwal,K Rabada,0,0,,,,,,"",""
ball,1,10.2,India,KL Rahul,MA Agarwal,K Rabada,0,0,,,,,,"",""
ball,1,10.3,India,KL Rahul,MA Agarwal,K Rabada,1,0,,,,,,"",""
ball,1,10.4,India,MA Agarwal,KL Rahul,K Rabada,0,0,,,,,,"",""
ball,1,10.5,India,MA Agarwal,KL Rahul,K Rabada,2,0,,,,,,"",""
ball,1,10.6,India,MA Agarwal,KL Rahul,K Rabada,0,0,,,,,,"",""
ball,1,11.1,India,KL Rahul,MA Agarwal,M Jansen,0,0,,,,,,"",""
ball,1,11.2,India,KL Rahul,MA Agarwal,M Jansen,1,0,,,,,,"",""
ball,1,11.3,India,MA Agarwal,KL Rahul,M Jansen,0,0,,,,,,"",""
ball,1,11.4,India,MA Agarwal,KL Rahul,M Jansen,1,0,,,,,,"",""
ball,1,11.5,India,KL Rahul,MA Agarwal,M Jansen,0,0,,,,,,"",""
ball,1,11.6,India,KL Rahul,MA Agarwal,M Jansen,1,0,,,,,,"",""
ball,1,12.1,India,KL Rahul,MA Agarwal,PWA Mulder,0,0,,,,,,"",""
ball,1,12.2,India,KL Rahul,MA Agarwal,PWA Mulder,4,0,,,,,,"",""
ball,1,12.3,India,KL Rahul,MA Agarwal,PWA Mulder,0,0,,,,,,"",""
ball,1,12.4,India,KL Rahul,MA Agarwal,PWA Mulder,0,0,,,,,,"",""
ball,1,12.5,India,KL Rahul,MA Agarwal,PWA Mulder,0,0,,,,,,"",""
ball,1,12.6,India,KL Rahul,MA Agarwal,PWA Mulder,0,0,,,,,,"",""
ball,1,13.1,India,MA Agarwal,KL Rahul,M Jansen,0,0,,,,,,"",""
ball,1,13.2,India,MA Agarwal,KL Rahul,M Jansen,0,0,,,,,,"",""
ball,1,13.3,India,MA Agarwal,KL Rahul,M Jansen,0,0,,,,,,"",""
ball,1,13.4,India,MA Agarwal,KL Rahul,M Jansen,0,0,,,,,,"",""
ball,1,13.5,India,MA Agarwal,KL Rahul,M Jansen,0,0,,,,,,"",""
ball,1,13.6,India,MA Agarwal,KL Rahul,M Jansen,0,0,,,,,,"",""
ball,1,14.1,India,KL Rahul,MA Agarwal,PWA Mulder,0,0,,,,,,"",""
ball,1,14.2,India,KL Rahul,MA Agarwal,PWA Mulder,0,0,,,,,,"",""
ball,1,14.3,India,KL Rahul,MA Agarwal,PWA Mulder,0,0,,,,,,"",""
ball,1,14.4,India,KL Rahul,MA Agarwal,PWA Mulder,0,0,,,,,,"",""
ball,1,14.5,India,KL Rahul,MA Agarwal,PWA Mulder,0,0,,,,,,"",""
ball,1,14.6,India,KL Rahul,MA Agarwal,PWA Mulder,0,0,,,,,,"",""
ball,1,15.1,India,MA Agarwal,KL Rahul,M Jansen,0,0,,,,,,"",""
ball,1,15.2,India,MA Agarwal,KL Rahul,M Jansen,0,0,,,,,,"",""
ball,1,15.3,India,MA Agarwal,KL Rahul,M Jansen,0,0,,,,,,"",""
ball,1,15.4,India,MA Agarwal,KL Rahul,M Jansen,1,0,,,,,,"",""
ball,1,15.5,India,KL Rahul,MA Agarwal,M Jansen,0,0,,,,,,"",""
ball,1,15.6,India,KL Rahul,MA Agarwal,M Jansen,0,0,,,,,,"",""
ball,1,16.1,India,MA Agarwal,KL Rahul,PWA Mulder,0,0,,,,,,"",""
ball,1,16.2,India,MA Agarwal,KL Rahul,PWA Mulder,0,0,,,,,,"",""
ball,1,16.3,India,MA Agarwal,KL Rahul,PWA Mulder,1,0,,,,,,"",""
ball,1,16.4,India,KL Rahul,MA Agarwal,PWA Mulder,0,0,,,,,,"",""
ball,1,16.5,India,KL Rahul,MA Agarwal,PWA Mulder,0,0,,,,,,"",""
ball,1,16.6,India,KL Rahul,MA Agarwal,PWA Mulder,0,0,,,,,,"",""
ball,1,17.1,India,MA Agarwal,KL Rahul,M Jansen,0,0,,,,,,"",""
ball,1,17.2,India,MA Agarwal,KL Rahul,M Jansen,4,0,,,,,,"",""
ball,1,17.3,India,MA Agarwal,KL Rahul,M Jansen,4,0,,,,,,"",""
ball,1,17.4,India,MA Agarwal,KL Rahul,M Jansen,0,0,,,,,,"",""
ball,1,17.5,India,MA Agarwal,KL Rahul,M Jansen,0,0,,,,,,"",""
ball,1,17.6,India,MA Agarwal,KL Rahul,M Jansen,0,0,,,,,,"",""
ball,1,18.1,India,KL Rahul,MA Agarwal,PWA Mulder,4,0,,,,,,"",""
ball,1,18.2,India,KL Rahul,MA Agarwal,PWA Mulder,0,0,,,,,,"",""
ball,1,18.3,India,KL Rahul,MA Agarwal,PWA Mulder,0,0,,,,,,"",""
ball,1,18.4,India,KL Rahul,MA Agarwal,PWA Mulder,0,0,,,,,,"",""
ball,1,18.5,India,KL Rahul,MA Agarwal,PWA Mulder,0,0,,,,,,"",""
ball,1,18.6,India,KL Rahul,MA Agarwal,PWA Mulder,0,0,,,,,,"",""
ball,1,19.1,India,MA Agarwal,KL Rahul,M Jansen,1,0,,,,,,"",""
ball,1,19.2,India,KL Rahul,MA Agarwal,M Jansen,0,0,,,,,,"",""
ball,1,19.3,India,KL Rahul,MA Agarwal,M Jansen,0,0,,,,,,"",""
ball,1,19.4,India,KL Rahul,MA Agarwal,M Jansen,0,0,,,,,,"",""
ball,1,19.5,India,KL Rahul,MA Agarwal,M Jansen,1,0,,,,,,"",""
ball,1,19.6,India,MA Agarwal,KL Rahul,M Jansen,0,0,,,,,,"",""
ball,1,20.1,India,KL Rahul,MA Agarwal,PWA Mulder,1,0,,,,,,"",""
ball,1,20.2,India,MA Agarwal,KL Rahul,PWA Mulder,0,0,,,,,,"",""
ball,1,20.3,India,MA Agarwal,KL Rahul,PWA Mulder,0,0,,,,,,"",""
ball,1,20.4,India,MA Agarwal,KL Rahul,PWA Mulder,1,0,,,,,,"",""
ball,1,20.5,India,KL Rahul,MA Agarwal,PWA Mulder,0,0,,,,,,"",""
ball,1,20.6,India,KL Rahul,MA Agarwal,PWA Mulder,0,0,,,,,,"",""
ball,1,21.1,India,MA Agarwal,KL Rahul,L Ngidi,0,4,,,,4,,"",""
ball,1,21.2,India,MA Agarwal,KL Rahul,L Ngidi,0,0,,,,,,"",""
ball,1,21.3,India,MA Agarwal,KL Rahul,L Ngidi,0,0,,,,,,"",""
ball,1,21.4,India,MA Agarwal,KL Rahul,L Ngidi,0,0,,,,,,"",""
ball,1,21.5,India,MA Agarwal,KL Rahul,L Ngidi,0,0,,,,,,"",""
ball,1,21.6,India,MA Agarwal,KL Rahul,L Ngidi,1,0,,,,,,"",""
ball,1,22.1,India,MA Agarwal,KL Rahul,PWA Mulder,0,0,,,,,,"",""
ball,1,22.2,India,MA Agarwal,KL Rahul,PWA Mulder,0,0,,,,,,"",""
ball,1,22.3,India,MA Agarwal,KL Rahul,PWA Mulder,4,0,,,,,,"",""
ball,1,22.4,India,MA Agarwal,KL Rahul,PWA Mulder,0,0,,,,,,"",""
ball,1,22.5,India,MA Agarwal,KL Rahul,PWA Mulder,0,0,,,,,,"",""
ball,1,22.6,India,MA Agarwal,KL Rahul,PWA Mulder,0,0,,,,,,"",""
ball,1,23.1,India,KL Rahul,MA Agarwal,L Ngidi,0,0,,,,,,"",""
ball,1,23.2,India,KL Rahul,MA Agarwal,L Ngidi,0,0,,,,,,"",""
ball,1,23.3,India,KL Rahul,MA Agarwal,L Ngidi,0,0,,,,,,"",""
ball,1,23.4,India,KL Rahul,MA Agarwal,L Ngidi,0,0,,,,,,"",""
ball,1,23.5,India,KL Rahul,MA Agarwal,L Ngidi,1,0,,,,,,"",""
ball,1,23.6,India,MA Agarwal,KL Rahul,L Ngidi,0,0,,,,,,"",""
ball,1,24.1,India,KL Rahul,MA Agarwal,K Rabada,0,0,,,,,,"",""
ball,1,24.2,India,KL Rahul,MA Agarwal,K Rabada,0,0,,,,,,"",""
ball,1,24.3,India,KL Rahul,MA Agarwal,K Rabada,0,0,,,,,,"",""
ball,1,24.4,India,KL Rahul,MA Agarwal,K Rabada,1,0,,,,,,"",""
ball,1,24.5,India,MA Agarwal,KL Rahul,K Rabada,0,0,,,,,,"",""
ball,1,24.6,India,MA Agarwal,KL Rahul,K Rabada,0,0,,,,,,"",""
ball,1,25.1,India,KL Rahul,MA Agarwal,L Ngidi,0,0,,,,,,"",""
ball,1,25.2,India,KL Rahul,MA Agarwal,L Ngidi,4,0,,,,,,"",""
ball,1,25.3,India,KL Rahul,MA Agarwal,L Ngidi,1,0,,,,,,"",""
ball,1,25.4,India,MA Agarwal,KL Rahul,L Ngidi,0,0,,,,,,"",""
ball,1,25.5,India,MA Agarwal,KL Rahul,L Ngidi,2,0,,,,,,"",""
ball,1,25.6,India,MA Agarwal,KL Rahul,L Ngidi,0,0,,,,,,"",""
ball,1,26.1,India,KL Rahul,MA Agarwal,K Rabada,0,4,,,4,,,"",""
ball,1,26.2,India,KL Rahul,MA Agarwal,K Rabada,0,0,,,,,,"",""
ball,1,26.3,India,KL Rahul,MA Agarwal,K Rabada,0,0,,,,,,"",""
ball,1,26.4,India,KL Rahul,MA Agarwal,K Rabada,0,0,,,,,,"",""
ball,1,26.5,India,KL Rahul,MA Agarwal,K Rabada,0,0,,,,,,"",""
ball,1,26.6,India,KL Rahul,MA Agarwal,K Rabada,0,0,,,,,,"",""
ball,1,27.1,India,MA Agarwal,KL Rahul,KA Maharaj,0,0,,,,,,"",""
ball,1,27.2,India,MA Agarwal,KL Rahul,KA Maharaj,0,0,,,,,,"",""
ball,1,27.3,India,MA Agarwal,KL Rahul,KA Maharaj,0,0,,,,,,"",""
ball,1,27.4,India,MA Agarwal,KL Rahul,KA Maharaj,0,0,,,,,,"",""
ball,1,27.5,India,MA Agarwal,KL Rahul,KA Maharaj,0,0,,,,,,"",""
ball,1,27.6,India,MA Agarwal,KL Rahul,KA Maharaj,1,0,,,,,,"",""
ball,1,28.1,India,MA Agarwal,KL Rahul,K Rabada,0,0,,,,,,"",""
ball,1,28.2,India,MA Agarwal,KL Rahul,K Rabada,2,0,,,,,,"",""
ball,1,28.3,India,MA Agarwal,KL Rahul,K Rabada,0,0,,,,,,"",""
ball,1,28.4,India,MA Agarwal,KL Rahul,K Rabada,1,0,,,,,,"",""
ball,1,28.5,India,KL Rahul,MA Agarwal,K Rabada,0,0,,,,,,"",""
ball,1,28.6,India,KL Rahul,MA Agarwal,K Rabada,0,0,,,,,,"",""
ball,1,29.1,India,MA Agarwal,KL Rahul,M Jansen,4,0,,,,,,"",""
ball,1,29.2,India,MA Agarwal,KL Rahul,M Jansen,0,0,,,,,,"",""
ball,1,29.3,India,MA Agarwal,KL Rahul,M Jansen,0,0,,,,,,"",""
ball,1,29.4,India,MA Agarwal,KL Rahul,M Jansen,0,0,,,,,,"",""
ball,1,29.5,India,MA Agarwal,KL Rahul,M Jansen,0,0,,,,,,"",""
ball,1,29.6,India,MA Agarwal,KL Rahul,M Jansen,0,0,,,,,,"",""
ball,1,30.1,India,KL Rahul,MA Agarwal,K Rabada,0,0,,,,,,"",""
ball,1,30.2,India,KL Rahul,MA Agarwal,K Rabada,1,0,,,,,,"",""
ball,1,30.3,India,MA Agarwal,KL Rahul,K Rabada,0,0,,,,,,"",""
ball,1,30.4,India,MA Agarwal,KL Rahul,K Rabada,1,0,,,,,,"",""
ball,1,30.5,India,KL Rahul,MA Agarwal,K Rabada,0,0,,,,,,"",""
ball,1,30.6,India,KL Rahul,MA Agarwal,K Rabada,0,0,,,,,,"",""
ball,1,31.1,India,MA Agarwal,KL Rahul,M Jansen,0,0,,,,,,"",""
ball,1,31.2,India,MA Agarwal,KL Rahul,M Jansen,0,0,,,,,,"",""
ball,1,31.3,India,MA Agarwal,KL Rahul,M Jansen,1,0,,,,,,"",""
ball,1,31.4,India,KL Rahul,MA Agarwal,M Jansen,0,0,,,,,,"",""
ball,1,31.5,India,KL Rahul,MA Agarwal,M Jansen,4,0,,,,,,"",""
ball,1,31.6,India,KL Rahul,MA Agarwal,M Jansen,0,0,,,,,,"",""
ball,1,32.1,India,MA Agarwal,KL Rahul,K Rabada,0,1,,1,,,,"",""
ball,1,32.2,India,MA Agarwal,KL Rahul,K Rabada,0,0,,,,,,"",""
ball,1,32.3,India,MA Agarwal,KL Rahul,K Rabada,0,0,,,,,,"",""
ball,1,32.4,India,MA Agarwal,KL Rahul,K Rabada,0,0,,,,,,"",""
ball,1,32.5,India,MA Agarwal,KL Rahul,K Rabada,0,0,,,,,,"",""
ball,1,32.6,India,MA Agarwal,KL Rahul,K Rabada,0,0,,,,,,"",""
ball,1,32.7,India,MA Agarwal,KL Rahul,K Rabada,0,0,,,,,,"",""
ball,1,33.1,India,KL Rahul,MA Agarwal,M Jansen,0,0,,,,,,"",""
ball,1,33.2,India,KL Rahul,MA Agarwal,M Jansen,0,0,,,,,,"",""
ball,1,33.3,India,KL Rahul,MA Agarwal,M Jansen,0,0,,,,,,"",""
ball,1,33.4,India,KL Rahul,MA Agarwal,M Jansen,0,0,,,,,,"",""
ball,1,33.5,India,KL Rahul,MA Agarwal,M Jansen,0,0,,,,,,"",""
ball,1,33.6,India,KL Rahul,MA Agarwal,M Jansen,0,0,,,,,,"",""
ball,1,34.1,India,MA Agarwal,KL Rahul,K Rabada,0,0,,,,,,"",""
ball,1,34.2,India,MA Agarwal,KL Rahul,K Rabada,1,0,,,,,,"",""
ball,1,34.3,India,KL Rahul,MA Agarwal,K Rabada,0,1,,1,,,,"",""
ball,1,34.4,India,KL Rahul,MA Agarwal,K Rabada,0,0,,,,,,"",""
ball,1,34.5,India,KL Rahul,MA Agarwal,K Rabada,0,0,,,,,,"",""
ball,1,34.6,India,KL Rahul,MA Agarwal,K Rabada,1,0,,,,,,"",""
ball,1,34.7,India,MA Agarwal,KL Rahul,K Rabada,0,0,,,,,,"",""
ball,1,35.1,India,KL Rahul,MA Agarwal,M Jansen,4,0,,,,,,"",""
ball,1,35.2,India,KL Rahul,MA Agarwal,M Jansen,0,0,,,,,,"",""
ball,1,35.3,India,KL Rahul,MA Agarwal,M Jansen,0,0,,,,,,"",""
ball,1,35.4,India,KL Rahul,MA Agarwal,M Jansen,0,0,,,,,,"",""
ball,1,35.5,India,KL Rahul,MA Agarwal,M Jansen,0,0,,,,,,"",""
ball,1,35.6,India,KL Rahul,MA Agarwal,M Jansen,0,0,,,,,,"",""
ball,1,36.1,India,MA Agarwal,KL Rahul,K Rabada,0,0,,,,,,"",""
ball,1,36.2,India,MA Agarwal,KL Rahul,K Rabada,0,0,,,,,,"",""
ball,1,36.3,India,MA Agarwal,KL Rahul,K Rabada,0,0,,,,,,"",""
ball,1,36.4,India,MA Agarwal,KL Rahul,K Rabada,0,0,,,,,,"",""
ball,1,36.5,India,MA Agarwal,KL Rahul,K Rabada,0,0,,,,,,"",""
ball,1,36.6,India,MA Agarwal,KL Rahul,K Rabada,0,0,,,,,,"",""
ball,1,37.1,India,KL Rahul,MA Agarwal,PWA Mulder,0,0,,,,,,"",""
ball,1,37.2,India,KL Rahul,MA Agarwal,PWA Mulder,0,0,,,,,,"",""
ball,1,37.3,India,KL Rahul,MA Agarwal,PWA Mulder,0,0,,,,,,"",""
ball,1,37.4,India,KL Rahul,MA Agarwal,PWA Mulder,0,0,,,,,,"",""
ball,1,37.5,India,KL Rahul,MA Agarwal,PWA Mulder,4,0,,,,,,"",""
ball,1,37.6,India,KL Rahul,MA Agarwal,PWA Mulder,0,0,,,,,,"",""
ball,1,38.1,India,MA Agarwal,KL Rahul,L Ngidi,0,0,,,,,,"",""
ball,1,38.2,India,MA Agarwal,KL Rahul,L Ngidi,0,0,,,,,,"",""
ball,1,38.3,India,MA Agarwal,KL Rahul,L Ngidi,0,0,,,,,,"",""
ball,1,38.4,India,MA Agarwal,KL Rahul,L Ngidi,0,0,,,,,,"",""
ball,1,38.5,India,MA Agarwal,KL Rahul,L Ngidi,0,0,,,,,,"",""
ball,1,38.6,India,MA Agarwal,KL Rahul,L Ngidi,0,0,,,,,,"",""
ball,1,39.1,India,KL Rahul,MA Agarwal,PWA Mulder,0,0,,,,,,"",""
ball,1,39.2,India,KL Rahul,MA Agarwal,PWA Mulder,0,0,,,,,,"",""
ball,1,39.3,India,KL Rahul,MA Agarwal,PWA Mulder,4,0,,,,,,"",""
ball,1,39.4,India,KL Rahul,MA Agarwal,PWA Mulder,0,0,,,,,,"",""
ball,1,39.5,India,KL Rahul,MA Agarwal,PWA Mulder,0,0,,,,,,"",""
ball,1,39.6,India,KL Rahul,MA Agarwal,PWA Mulder,0,0,,,,,,"",""
ball,1,40.1,India,MA Agarwal,KL Rahul,L Ngidi,4,0,,,,,,"",""
ball,1,40.2,India,MA Agarwal,KL Rahul,L Ngidi,0,0,,,,,,lbw,MA Agarwal
ball,1,40.3,India,CA Pujara,KL Rahul,L Ngidi,0,0,,,,,,caught,CA Pujara
ball,1,40.4,India,V Kohli,KL Rahul,L Ngidi,0,0,,,,,,"",""
ball,1,40.5,India,V Kohli,KL Rahul,L Ngidi,1,0,,,,,,"",""
ball,1,40.6,India,KL Rahul,V Kohli,L Ngidi,0,0,,,,,,"",""
ball,1,41.1,India,V Kohli,KL Rahul,M Jansen,0,0,,,,,,"",""
ball,1,41.2,India,V Kohli,KL Rahul,M Jansen,0,0,,,,,,"",""
ball,1,41.3,India,V Kohli,KL Rahul,M Jansen,0,0,,,,,,"",""
ball,1,41.4,India,V Kohli,KL Rahul,M Jansen,0,0,,,,,,"",""
ball,1,41.5,India,V Kohli,KL Rahul,M Jansen,0,0,,,,,,"",""
ball,1,41.6,India,V Kohli,KL Rahul,M Jansen,0,0,,,,,,"",""
ball,1,42.1,India,KL Rahul,V Kohli,L Ngidi,0,0,,,,,,"",""
ball,1,42.2,India,KL Rahul,V Kohli,L Ngidi,0,0,,,,,,"",""
ball,1,42.3,India,KL Rahul,V Kohli,L Ngidi,0,0,,,,,,"",""
ball,1,42.4,India,KL Rahul,V Kohli,L Ngidi,0,0,,,,,,"",""
ball,1,42.5,India,KL Rahul,V Kohli,L Ngidi,4,0,,,,,,"",""
ball,1,42.6,India,KL Rahul,V Kohli,L Ngidi,0,0,,,,,,"",""
ball,1,43.1,India,V Kohli,KL Rahul,M Jansen,4,0,,,,,,"",""
ball,1,43.2,India,V Kohli,KL Rahul,M Jansen,0,0,,,,,,"",""
ball,1,43.3,India,V Kohli,KL Rahul,M Jansen,0,0,,,,,,"",""
ball,1,43.4,India,V Kohli,KL Rahul,M Jansen,0,0,,,,,,"",""
ball,1,43.5,India,V Kohli,KL Rahul,M Jansen,0,0,,,,,,"",""
ball,1,43.6,India,V Kohli,KL Rahul,M Jansen,0,0,,,,,,"",""
ball,1,44.1,India,KL Rahul,V Kohli,L Ngidi,0,0,,,,,,"",""
ball,1,44.2,India,KL Rahul,V Kohli,L Ngidi,1,0,,,,,,"",""
ball,1,44.3,India,V Kohli,KL Rahul,L Ngidi,0,0,,,,,,"",""
ball,1,44.4,India,V Kohli,KL Rahul,L Ngidi,1,0,,,,,,"",""
ball,1,44.5,India,KL Rahul,V Kohli,L Ngidi,1,0,,,,,,"",""
ball,1,44.6,India,V Kohli,KL Rahul,L Ngidi,0,0,,,,,,"",""
ball,1,45.1,India,KL Rahul,V Kohli,KA Maharaj,0,0,,,,,,"",""
ball,1,45.2,India,KL Rahul,V Kohli,KA Maharaj,0,0,,,,,,"",""
ball,1,45.3,India,KL Rahul,V Kohli,KA Maharaj,1,0,,,,,,"",""
ball,1,45.4,India,V Kohli,KL Rahul,KA Maharaj,0,0,,,,,,"",""
ball,1,45.5,India,V Kohli,KL Rahul,KA Maharaj,4,0,,,,,,"",""
ball,1,45.6,India,V Kohli,KL Rahul,KA Maharaj,0,0,,,,,,"",""
ball,1,46.1,India,KL Rahul,V Kohli,PWA Mulder,0,0,,,,,,"",""
ball,1,46.2,India,KL Rahul,V Kohli,PWA Mulder,0,0,,,,,,"",""
ball,1,46.3,India,KL Rahul,V Kohli,PWA Mulder,0,0,,,,,,"",""
ball,1,46.4,India,KL Rahul,V Kohli,PWA Mulder,0,0,,,,,,"",""
ball,1,46.5,India,KL Rahul,V Kohli,PWA Mulder,0,0,,,,,,"",""
ball,1,46.6,India,KL Rahul,V Kohli,PWA Mulder,0,0,,,,,,"",""
ball,1,47.1,India,V Kohli,KL Rahul,KA Maharaj,0,0,,,,,,"",""
ball,1,47.2,India,V Kohli,KL Rahul,KA Maharaj,1,0,,,,,,"",""
ball,1,47.3,India,KL Rahul,V Kohli,KA Maharaj,4,0,,,,,,"",""
ball,1,47.4,India,KL Rahul,V Kohli,KA Maharaj,0,0,,,,,,"",""
ball,1,47.5,India,KL Rahul,V Kohli,KA Maharaj,0,0,,,,,,"",""
ball,1,47.6,India,KL Rahul,V Kohli,KA Maharaj,0,0,,,,,,"",""
ball,1,48.1,India,V Kohli,KL Rahul,PWA Mulder,0,0,,,,,,"",""
ball,1,48.2,India,V Kohli,KL Rahul,PWA Mulder,0,0,,,,,,"",""
ball,1,48.3,India,V Kohli,KL Rahul,PWA Mulder,0,0,,,,,,"",""
ball,1,48.4,India,V Kohli,KL Rahul,PWA Mulder,0,0,,,,,,"",""
ball,1,48.5,India,V Kohli,KL Rahul,PWA Mulder,1,0,,,,,,"",""
ball,1,48.6,India,KL Rahul,V Kohli,PWA Mulder,0,0,,,,,,"",""
ball,1,49.1,India,V Kohli,KL Rahul,KA Maharaj,0,0,,,,,,"",""
ball,1,49.2,India,V Kohli,KL Rahul,KA Maharaj,0,0,,,,,,"",""
ball,1,49.3,India,V Kohli,KL Rahul,KA Maharaj,0,0,,,,,,"",""
ball,1,49.4,India,V Kohli,KL Rahul,KA Maharaj,1,0,,,,,,"",""
ball,1,49.5,India,KL Rahul,V Kohli,KA Maharaj,0,0,,,,,,"",""
ball,1,49.6,India,KL Rahul,V Kohli,KA Maharaj,1,0,,,,,,"",""
ball,1,50.1,India,KL Rahul,V Kohli,PWA Mulder,0,0,,,,,,"",""
ball,1,50.2,India,KL Rahul,V Kohli,PWA Mulder,1,0,,,,,,"",""
ball,1,50.3,India,V Kohli,KL Rahul,PWA Mulder,0,0,,,,,,"",""
ball,1,50.4,India,V Kohli,KL Rahul,PWA Mulder,0,0,,,,,,"",""
ball,1,50.5,India,V Kohli,KL Rahul,PWA Mulder,0,0,,,,,,"",""
ball,1,50.6,India,V Kohli,KL Rahul,PWA Mulder,1,0,,,,,,"",""
ball,1,51.1,India,V Kohli,KL Rahul,KA Maharaj,0,0,,,,,,"",""
ball,1,51.2,India,V Kohli,KL Rahul,KA Maharaj,0,0,,,,,,"",""
ball,1,51.3,India,V Kohli,KL Rahul,KA Maharaj,0,0,,,,,,"",""
ball,1,51.4,India,V Kohli,KL Rahul,KA Maharaj,0,0,,,,,,"",""
ball,1,51.5,India,V Kohli,KL Rahul,KA Maharaj,0,0,,,,,,"",""
ball,1,51.6,India,V Kohli,KL Rahul,KA Maharaj,0,0,,,,,,"",""
ball,1,52.1,India,KL Rahul,V Kohli,PWA Mulder,0,0,,,,,,"",""
ball,1,52.2,India,KL Rahul,V Kohli,PWA Mulder,0,0,,,,,,"",""
ball,1,52.3,India,KL Rahul,V Kohli,PWA Mulder,0,0,,,,,,"",""
ball,1,52.4,India,KL Rahul,V Kohli,PWA Mulder,1,0,,,,,,"",""
ball,1,52.5,India,V Kohli,KL Rahul,PWA Mulder,2,0,,,,,,"",""
ball,1,52.6,India,V Kohli,KL Rahul,PWA Mulder,0,0,,,,,,"",""
ball,1,53.1,India,KL Rahul,V Kohli,KA Maharaj,0,0,,,,,,"",""
ball,1,53.2,India,KL Rahul,V Kohli,KA Maharaj,0,0,,,,,,"",""
ball,1,53.3,India,KL Rahul,V Kohli,KA Maharaj,1,0,,,,,,"",""
ball,1,53.4,India,V Kohli,KL Rahul,KA Maharaj,0,0,,,,,,"",""
ball,1,53.5,India,V Kohli,KL Rahul,KA Maharaj,0,0,,,,,,"",""
ball,1,53.6,India,V Kohli,KL Rahul,KA Maharaj,0,0,,,,,,"",""
ball,1,54.1,India,KL Rahul,V Kohli,PWA Mulder,0,0,,,,,,"",""
ball,1,54.2,India,KL Rahul,V Kohli,PWA Mulder,0,0,,,,,,"",""
ball,1,54.3,India,KL Rahul,V Kohli,PWA Mulder,0,0,,,,,,"",""
ball,1,54.4,India,KL Rahul,V Kohli,PWA Mulder,0,0,,,,,,"",""
ball,1,54.5,India,KL Rahul,V Kohli,PWA Mulder,0,0,,,,,,"",""
ball,1,54.6,India,KL Rahul,V Kohli,PWA Mulder,0,0,,,,,,"",""
ball,1,55.1,India,V Kohli,KL Rahul,KA Maharaj,3,0,,,,,,"",""
ball,1,55.2,India,KL Rahul,V Kohli,KA Maharaj,1,0,,,,,,"",""
ball,1,55.3,India,V Kohli,KL Rahul,KA Maharaj,0,0,,,,,,"",""
ball,1,55.4,India,V Kohli,KL Rahul,KA Maharaj,0,0,,,,,,"",""
ball,1,55.5,India,V Kohli,KL Rahul,KA Maharaj,0,0,,,,,,"",""
ball,1,55.6,India,V Kohli,KL Rahul,KA Maharaj,0,0,,,,,,"",""
ball,1,56.1,India,KL Rahul,V Kohli,PWA Mulder,4,0,,,,,,"",""
ball,1,56.2,India,KL Rahul,V Kohli,PWA Mulder,0,0,,,,,,"",""
ball,1,56.3,India,KL Rahul,V Kohli,PWA Mulder,1,0,,,,,,"",""
ball,1,56.4,India,V Kohli,KL Rahul,PWA Mulder,0,0,,,,,,"",""
ball,1,56.5,India,V Kohli,KL Rahul,PWA Mulder,0,0,,,,,,"",""
ball,1,56.6,India,V Kohli,KL Rahul,PWA Mulder,0,0,,,,,,"",""
ball,1,57.1,India,KL Rahul,V Kohli,KA Maharaj,1,0,,,,,,"",""
ball,1,57.2,India,V Kohli,KL Rahul,KA Maharaj,0,0,,,,,,"",""
ball,1,57.3,India,V Kohli,KL Rahul,KA Maharaj,0,0,,,,,,"",""
ball,1,57.4,India,V Kohli,KL Rahul,KA Maharaj,0,0,,,,,,"",""
ball,1,57.5,India,V Kohli,KL Rahul,KA Maharaj,0,0,,,,,,"",""
ball,1,57.6,India,V Kohli,KL Rahul,KA Maharaj,0,0,,,,,,"",""
ball,1,58.1,India,KL Rahul,V Kohli,K Rabada,1,0,,,,,,"",""
ball,1,58.2,India,V Kohli,KL Rahul,K Rabada,0,0,,,,,,"",""
ball,1,58.3,India,V Kohli,KL Rahul,K Rabada,0,0,,,,,,"",""
ball,1,58.4,India,V Kohli,KL Rahul,K Rabada,0,0,,,,,,"",""
ball,1,58.5,India,V Kohli,KL Rahul,K Rabada,1,0,,,,,,"",""
ball,1,58.6,India,KL Rahul,V Kohli,K Rabada,0,0,,,,,,"",""
ball,1,59.1,India,V Kohli,KL Rahul,KA Maharaj,1,0,,,,,,"",""
ball,1,59.2,India,KL Rahul,V Kohli,KA Maharaj,1,0,,,,,,"",""
ball,1,59.3,India,V Kohli,KL Rahul,KA Maharaj,0,0,,,,,,"",""
ball,1,59.4,India,V Kohli,KL Rahul,KA Maharaj,4,0,,,,,,"",""
ball,1,59.5,India,V Kohli,KL Rahul,KA Maharaj,0,0,,,,,,"",""
ball,1,59.6,India,V Kohli,KL Rahul,KA Maharaj,0,0,,,,,,"",""
ball,1,60.1,India,KL Rahul,V Kohli,K Rabada,1,0,,,,,,"",""
ball,1,60.2,India,V Kohli,KL Rahul,K Rabada,4,0,,,,,,"",""
ball,1,60.3,India,V Kohli,KL Rahul,K Rabada,1,0,,,,,,"",""
ball,1,60.4,India,KL Rahul,V Kohli,K Rabada,1,0,,,,,,"",""
ball,1,60.5,India,V Kohli,KL Rahul,K Rabada,1,0,,,,,,"",""
ball,1,60.6,India,KL Rahul,V Kohli,K Rabada,0,0,,,,,,"",""
ball,1,61.1,India,V Kohli,KL Rahul,KA Maharaj,1,0,,,,,,"",""
ball,1,61.2,India,KL Rahul,V Kohli,KA Maharaj,0,0,,,,,,"",""
ball,1,61.3,India,KL Rahul,V Kohli,KA Maharaj,0,0,,,,,,"",""
ball,1,61.4,India,KL Rahul,V Kohli,KA Maharaj,0,0,,,,,,"",""
ball,1,61.5,India,KL Rahul,V Kohli,KA Maharaj,1,0,,,,,,"",""
ball,1,61.6,India,V Kohli,KL Rahul,KA Maharaj,0,0,,,,,,"",""
ball,1,62.1,India,KL Rahul,V Kohli,K Rabada,0,0,,,,,,"",""
ball,1,62.2,India,KL Rahul,V Kohli,K Rabada,0,0,,,,,,"",""
ball,1,62.3,India,KL Rahul,V Kohli,K Rabada,0,1,,1,,,,"",""
ball,1,62.4,India,KL Rahul,V Kohli,K Rabada,0,1,,1,,,,"",""
ball,1,62.5,India,KL Rahul,V Kohli,K Rabada,4,0,,,,,,"",""
ball,1,62.6,India,KL Rahul,V Kohli,K Rabada,0,0,,,,,,"",""
ball,1,62.7,India,KL Rahul,V Kohli,K Rabada,0,0,,,,,,"",""
ball,1,62.8,India,KL Rahul,V Kohli,K Rabada,0,0,,,,,,"",""
ball,1,63.1,India,V Kohli,KL Rahul,KA Maharaj,0,0,,,,,,"",""
ball,1,63.2,India,V Kohli,KL Rahul,KA Maharaj,0,0,,,,,,"",""
ball,1,63.3,India,V Kohli,KL Rahul,KA Maharaj,0,0,,,,,,"",""
ball,1,63.4,India,V Kohli,KL Rahul,KA Maharaj,0,0,,,,,,"",""
ball,1,63.5,India,V Kohli,KL Rahul,KA Maharaj,1,0,,,,,,"",""
ball,1,63.6,India,KL Rahul,V Kohli,KA Maharaj,0,0,,,,,,"",""
ball,1,64.1,India,V Kohli,KL Rahul,K Rabada,0,1,,1,,,,"",""
ball,1,64.2,India,V Kohli,KL Rahul,K Rabada,1,0,,,,,,"",""
ball,1,64.3,India,KL Rahul,V Kohli,K Rabada,1,0,,,,,,"",""
ball,1,64.4,India,V Kohli,KL Rahul,K Rabada,0,0,,,,,,"",""
ball,1,64.5,India,V Kohli,KL Rahul,K Rabada,0,0,,,,,,"",""
ball,1,64.6,India,V Kohli,KL Rahul,K Rabada,0,0,,,,,,"",""
ball,1,64.7,India,V Kohli,KL Rahul,K Rabada,0,1,,1,,,,"",""
ball,1,64.8,India,V Kohli,KL Rahul,K Rabada,0,0,,,,,,"",""
ball,1,65.1,India,KL Rahul,V Kohli,KA Maharaj,1,0,,,,,,"",""
ball,1,65.2,India,V Kohli,KL Rahul,KA Maharaj,1,0,,,,,,"",""
ball,1,65.3,India,KL Rahul,V Kohli,KA Maharaj,0,0,,,,,,"",""
ball,1,65.4,India,KL Rahul,V Kohli,KA Maharaj,4,0,,,,,,"",""
ball,1,65.5,India,KL Rahul,V Kohli,KA Maharaj,6,0,,,,,,"",""
ball,1,65.6,India,KL Rahul,V Kohli,KA Maharaj,0,0,,,,,,"",""
ball,1,66.1,India,V Kohli,KL Rahul,L Ngidi,0,0,,,,,,"",""
ball,1,66.2,India,V Kohli,KL Rahul,L Ngidi,0,0,,,,,,"",""
ball,1,66.3,India,V Kohli,KL Rahul,L Ngidi,0,0,,,,,,"",""
ball,1,66.4,India,V Kohli,KL Rahul,L Ngidi,0,0,,,,,,"",""
ball,1,66.5,India,V Kohli,KL Rahul,L Ngidi,0,0,,,,,,"",""
ball,1,66.6,India,V Kohli,KL Rahul,L Ngidi,0,0,,,,,,"",""
ball,1,67.1,India,KL Rahul,V Kohli,M Jansen,0,0,,,,,,"",""
ball,1,67.2,India,KL Rahul,V Kohli,M Jansen,0,0,,,,,,"",""
ball,1,67.3,India,KL Rahul,V Kohli,M Jansen,0,0,,,,,,"",""
ball,1,67.4,India,KL Rahul,V Kohli,M Jansen,0,0,,,,,,"",""
ball,1,67.5,India,KL Rahul,V Kohli,M Jansen,0,0,,,,,,"",""
ball,1,67.6,India,KL Rahul,V Kohli,M Jansen,0,0,,,,,,"",""
ball,1,68.1,India,V Kohli,KL Rahul,L Ngidi,0,0,,,,,,"",""
ball,1,68.2,India,V Kohli,KL Rahul,L Ngidi,0,0,,,,,,caught,V Kohli
ball,1,68.3,India,AM Rahane,KL Rahul,L Ngidi,0,0,,,,,,"",""
ball,1,68.4,India,AM Rahane,KL Rahul,L Ngidi,4,0,,,,,,"",""
ball,1,68.5,India,AM Rahane,KL Rahul,L Ngidi,0,0,,,,,,"",""
ball,1,68.6,India,AM Rahane,KL Rahul,L Ngidi,0,0,,,,,,"",""
ball,1,69.1,India,KL Rahul,AM Rahane,M Jansen,0,0,,,,,,"",""
ball,1,69.2,India,KL Rahul,AM Rahane,M Jansen,0,0,,,,,,"",""
ball,1,69.3,India,KL Rahul,AM Rahane,M Jansen,1,0,,,,,,"",""
ball,1,69.4,India,AM Rahane,KL Rahul,M Jansen,0,0,,,,,,"",""
ball,1,69.5,India,AM Rahane,KL Rahul,M Jansen,0,0,,,,,,"",""
ball,1,69.6,India,AM Rahane,KL Rahul,M Jansen,0,0,,,,,,"",""
ball,1,70.1,India,KL Rahul,AM Rahane,L Ngidi,1,0,,,,,,"",""
ball,1,70.2,India,AM Rahane,KL Rahul,L Ngidi,0,0,,,,,,"",""
ball,1,70.3,India,AM Rahane,KL Rahul,L Ngidi,0,0,,,,,,"",""
ball,1,70.4,India,AM Rahane,KL Rahul,L Ngidi,0,0,,,,,,"",""
ball,1,70.5,India,AM Rahane,KL Rahul,L Ngidi,4,0,,,,,,"",""
ball,1,70.6,India,AM Rahane,KL Rahul,L Ngidi,0,0,,,,,,"",""
ball,1,71.1,India,KL Rahul,AM Rahane,M Jansen,1,0,,,,,,"",""
ball,1,71.2,India,AM Rahane,KL Rahul,M Jansen,0,0,,,,,,"",""
ball,1,71.3,India,AM Rahane,KL Rahul,M Jansen,0,0,,,,,,"",""
ball,1,71.4,India,AM Rahane,KL Rahul,M Jansen,4,0,,,,,,"",""
ball,1,71.5,India,AM Rahane,KL Rahul,M Jansen,0,0,,,,,,"",""
ball,1,71.6,India,AM Rahane,KL Rahul,M Jansen,0,0,,,,,,"",""
ball,1,72.1,India,KL Rahul,AM Rahane,PWA Mulder,1,0,,,,,,"",""
ball,1,72.2,India,AM Rahane,KL Rahul,PWA Mulder,0,0,,,,,,"",""
ball,1,72.3,India,AM Rahane,KL Rahul,PWA Mulder,0,0,,,,,,"",""
ball,1,72.4,India,AM Rahane,KL Rahul,PWA Mulder,0,0,,,,,,"",""
ball,1,72.5,India,AM Rahane,KL Rahul,PWA Mulder,1,0,,,,,,"",""
ball,1,72.6,India,KL Rahul,AM Rahane,PWA Mulder,1,0,,,,,,"",""
ball,1,73.1,India,KL Rahul,AM Rahane,KA Maharaj,0,0,,,,,,"",""
ball,1,73.2,India,KL Rahul,AM Rahane,KA Maharaj,1,0,,,,,,"",""
ball,1,73.3,India,AM Rahane,KL Rahul,KA Maharaj,4,0,,,,,,"",""
ball,1,73.4,India,AM Rahane,KL Rahul,KA Maharaj,0,0,,,,,,"",""
ball,1,73.5,India,AM Rahane,KL Rahul,KA Maharaj,0,0,,,,,,"",""
ball,1,73.6,India,AM Rahane,KL Rahul,KA Maharaj,0,0,,,,,,"",""
ball,1,74.1,India,KL Rahul,AM Rahane,PWA Mulder,0,0,,,,,,"",""
ball,1,74.2,India,KL Rahul,AM Rahane,PWA Mulder,1,0,,,,,,"",""
ball,1,74.3,India,AM Rahane,KL Rahul,PWA Mulder,0,0,,,,,,"",""
ball,1,74.4,India,AM Rahane,KL Rahul,PWA Mulder,0,0,,,,,,"",""
ball,1,74.5,India,AM Rahane,KL Rahul,PWA Mulder,0,0,,,,,,"",""
ball,1,74.6,India,AM Rahane,KL Rahul,PWA Mulder,4,0,,,,,,"",""
ball,1,75.1,India,KL Rahul,AM Rahane,KA Maharaj,1,0,,,,,,"",""
ball,1,75.2,India,AM Rahane,KL Rahul,KA Maharaj,0,0,,,,,,"",""
ball,1,75.3,India,AM Rahane,KL Rahul,KA Maharaj,0,0,,,,,,"",""
ball,1,75.4,India,AM Rahane,KL Rahul,KA Maharaj,0,0,,,,,,"",""
ball,1,75.5,India,AM Rahane,KL Rahul,KA Maharaj,0,0,,,,,,"",""
ball,1,75.6,India,AM Rahane,KL Rahul,KA Maharaj,0,0,,,,,,"",""
ball,1,76.1,India,KL Rahul,AM Rahane,PWA Mulder,0,0,,,,,,"",""
ball,1,76.2,India,KL Rahul,AM Rahane,PWA Mulder,0,0,,,,,,"",""
ball,1,76.3,India,KL Rahul,AM Rahane,PWA Mulder,1,0,,,,,,"",""
ball,1,76.4,India,AM Rahane,KL Rahul,PWA Mulder,4,0,,,,,,"",""
ball,1,76.5,India,AM Rahane,KL Rahul,PWA Mulder,0,0,,,,,,"",""
ball,1,76.6,India,AM Rahane,KL Rahul,PWA Mulder,0,0,,,,,,"",""
ball,1,77.1,India,KL Rahul,AM Rahane,KA Maharaj,0,0,,,,,,"",""
ball,1,77.2,India,KL Rahul,AM Rahane,KA Maharaj,0,0,,,,,,"",""
ball,1,77.3,India,KL Rahul,AM Rahane,KA Maharaj,0,0,,,,,,"",""
ball,1,77.4,India,KL Rahul,AM Rahane,KA Maharaj,0,0,,,,,,"",""
ball,1,77.5,India,KL Rahul,AM Rahane,KA Maharaj,4,0,,,,,,"",""
ball,1,77.6,India,KL Rahul,AM Rahane,KA Maharaj,1,0,,,,,,"",""
ball,1,78.1,India,KL Rahul,AM Rahane,M Jansen,2,0,,,,,,"",""
ball,1,78.2,India,KL Rahul,AM Rahane,M Jansen,0,0,,,,,,"",""
ball,1,78.3,India,KL Rahul,AM Rahane,M Jansen,0,0,,,,,,"",""
ball,1,78.4,India,KL Rahul,AM Rahane,M Jansen,4,0,,,,,,"",""
ball,1,78.5,India,KL Rahul,AM Rahane,M Jansen,0,0,,,,,,"",""
ball,1,78.6,India,KL Rahul,AM Rahane,M Jansen,0,0,,,,,,"",""
ball,1,79.1,India,AM Rahane,KL Rahul,KA Maharaj,0,0,,,,,,"",""
ball,1,79.2,India,AM Rahane,KL Rahul,KA Maharaj,0,0,,,,,,"",""
ball,1,79.3,India,AM Rahane,KL Rahul,KA Maharaj,0,0,,,,,,"",""
ball,1,79.4,India,AM Rahane,KL Rahul,KA Maharaj,0,0,,,,,,"",""
ball,1,79.5,India,AM Rahane,KL Rahul,KA Maharaj,0,0,,,,,,"",""
ball,1,79.6,India,AM Rahane,KL Rahul,KA Maharaj,1,0,,,,,,"",""
ball,1,80.1,India,AM Rahane,KL Rahul,M Jansen,0,0,,,,,,"",""
ball,1,80.2,India,AM Rahane,KL Rahul,M Jansen,2,0,,,,,,"",""
ball,1,80.3,India,AM Rahane,KL Rahul,M Jansen,0,0,,,,,,"",""
ball,1,80.4,India,AM Rahane,KL Rahul,M Jansen,4,0,,,,,,"",""
ball,1,80.5,India,AM Rahane,KL Rahul,M Jansen,0,0,,,,,,"",""
ball,1,80.6,India,AM Rahane,KL Rahul,M Jansen,0,0,,,,,,"",""
ball,1,81.1,India,KL Rahul,AM Rahane,K Rabada,1,0,,,,,,"",""
ball,1,81.2,India,AM Rahane,KL Rahul,K Rabada,0,0,,,,,,"",""
ball,1,81.3,India,AM Rahane,KL Rahul,K Rabada,0,0,,,,,,"",""
ball,1,81.4,India,AM Rahane,KL Rahul,K Rabada,1,0,,,,,,"",""
ball,1,81.5,India,KL Rahul,AM Rahane,K Rabada,0,0,,,,,,"",""
ball,1,81.6,India,KL Rahul,AM Rahane,K Rabada,0,0,,,,,,"",""
ball,1,82.1,India,AM Rahane,KL Rahul,L Ngidi,0,0,,,,,,"",""
ball,1,82.2,India,AM Rahane,KL Rahul,L Ngidi,0,0,,,,,,"",""
ball,1,82.3,India,AM Rahane,KL Rahul,L Ngidi,0,0,,,,,,"",""
ball,1,82.4,India,AM Rahane,KL Rahul,L Ngidi,0,0,,,,,,"",""
ball,1,82.5,India,AM Rahane,KL Rahul,L Ngidi,0,0,,,,,,"",""
ball,1,82.6,India,AM Rahane,KL Rahul,L Ngidi,0,0,,,,,,"",""
ball,1,83.1,India,KL Rahul,AM Rahane,K Rabada,0,0,,,,,,"",""
ball,1,83.2,India,KL Rahul,AM Rahane,K Rabada,4,0,,,,,,"",""
ball,1,83.3,India,KL Rahul,AM Rahane,K Rabada,0,0,,,,,,"",""
ball,1,83.4,India,KL Rahul,AM Rahane,K Rabada,0,0,,,,,,"",""
ball,1,83.5,India,KL Rahul,AM Rahane,K Rabada,0,0,,,,,,"",""
ball,1,83.6,India,KL Rahul,AM Rahane,K Rabada,0,0,,,,,,"",""
ball,1,84.1,India,AM Rahane,KL Rahul,L Ngidi,0,0,,,,,,"",""
ball,1,84.2,India,AM Rahane,KL Rahul,L Ngidi,0,0,,,,,,"",""
ball,1,84.3,India,AM Rahane,KL Rahul,L Ngidi,0,0,,,,,,"",""
ball,1,84.4,India,AM Rahane,KL Rahul,L Ngidi,0,0,,,,,,"",""
ball,1,84.5,India,AM Rahane,KL Rahul,L Ngidi,1,0,,,,,,"",""
ball,1,84.6,India,KL Rahul,AM Rahane,L Ngidi,0,0,,,,,,"",""
ball,1,85.1,India,AM Rahane,KL Rahul,K Rabada,0,0,,,,,,"",""
ball,1,85.2,India,AM Rahane,KL Rahul,K Rabada,0,0,,,,,,"",""
ball,1,85.3,India,AM Rahane,KL Rahul,K Rabada,0,0,,,,,,"",""
ball,1,85.4,India,AM Rahane,KL Rahul,K Rabada,4,1,,1,,,,"",""
ball,1,85.5,India,AM Rahane,KL Rahul,K Rabada,0,0,,,,,,"",""
ball,1,85.6,India,AM Rahane,KL Rahul,K Rabada,0,0,,,,,,"",""
ball,1,85.7,India,AM Rahane,KL Rahul,K Rabada,1,0,,,,,,"",""
ball,1,86.1,India,AM Rahane,KL Rahul,PWA Mulder,0,0,,,,,,"",""
ball,1,86.2,India,AM Rahane,KL Rahul,PWA Mulder,0,0,,,,,,"",""
ball,1,86.3,India,AM Rahane,KL Rahul,PWA Mulder,0,0,,,,,,"",""
ball,1,86.4,India,AM Rahane,KL Rahul,PWA Mulder,1,0,,,,,,"",""
ball,1,86.5,India,KL Rahul,AM Rahane,PWA Mulder,1,0,,,,,,"",""
ball,1,86.6,India,AM Rahane,KL Rahul,PWA Mulder,0,0,,,,,,"",""
ball,1,87.1,India,KL Rahul,AM Rahane,KA Maharaj,0,0,,,,,,"",""
ball,1,87.2,India,KL Rahul,AM Rahane,KA Maharaj,0,0,,,,,,"",""
ball,1,87.3,India,KL Rahul,AM Rahane,KA Maharaj,0,0,,,,,,"",""
ball,1,87.4,India,KL Rahul,AM Rahane,KA Maharaj,2,0,,,,,,"",""
ball,1,87.5,India,KL Rahul,AM Rahane,KA Maharaj,0,0,,,,,,"",""
ball,1,87.6,India,KL Rahul,AM Rahane,KA Maharaj,4,0,,,,,,"",""
ball,1,88.1,India,AM Rahane,KL Rahul,L Ngidi,0,0,,,,,,"",""
ball,1,88.2,India,AM Rahane,KL Rahul,L Ngidi,0,0,,,,,,"",""
ball,1,88.3,India,AM Rahane,KL Rahul,L Ngidi,0,0,,,,,,"",""
ball,1,88.4,India,AM Rahane,KL Rahul,L Ngidi,0,0,,,,,,"",""
ball,1,88.5,India,AM Rahane,KL Rahul,L Ngidi,0,0,,,,,,"",""
ball,1,88.6,India,AM Rahane,KL Rahul,L Ngidi,0,0,,,,,,"",""
ball,1,89.1,India,KL Rahul,AM Rahane,KA Maharaj,0,0,,,,,,"",""
ball,1,89.2,India,KL Rahul,AM Rahane,KA Maharaj,0,0,,,,,,"",""
ball,1,89.3,India,KL Rahul,AM Rahane,KA Maharaj,0,0,,,,,,"",""
ball,1,89.4,India,KL Rahul,AM Rahane,KA Maharaj,0,0,,,,,,"",""
ball,1,89.5,India,KL Rahul,AM Rahane,KA Maharaj,0,0,,,,,,"",""
ball,1,89.6,India,KL Rahul,AM Rahane,KA Maharaj,0,0,,,,,,"",""
ball,1,90.1,India,AM Rahane,KL Rahul,L Ngidi,0,0,,,,,,"",""
ball,1,90.2,India,AM Rahane,KL Rahul,L Ngidi,0,0,,,,,,"",""
ball,1,90.3,India,AM Rahane,KL Rahul,L Ngidi,0,0,,,,,,"",""
ball,1,90.4,India,AM Rahane,KL Rahul,L Ngidi,0,0,,,,,,"",""
ball,1,90.5,India,AM Rahane,KL Rahul,L Ngidi,0,0,,,,,,"",""
ball,1,90.6,India,AM Rahane,KL Rahul,L Ngidi,1,0,,,,,,"",""
ball,1,91.1,India,AM Rahane,KL Rahul,K Rabada,0,0,,,,,,"",""
ball,1,91.2,India,AM Rahane,KL Rahul,K Rabada,0,0,,,,,,"",""
ball,1,91.3,India,AM Rahane,KL Rahul,K Rabada,0,0,,,,,,"",""
ball,1,91.4,India,AM Rahane,KL Rahul,K Rabada,1,0,,,,,,"",""
ball,1,91.5,India,KL Rahul,AM Rahane,K Rabada,0,0,,,,,,"",""
ball,1,91.6,India,KL Rahul,AM Rahane,K Rabada,0,0,,,,,,"",""
ball,1,92.1,India,AM Rahane,KL Rahul,L Ngidi,1,0,,,,,,"",""
ball,1,92.2,India,KL Rahul,AM Rahane,L Ngidi,0,0,,,,,,"",""
ball,1,92.3,India,KL Rahul,AM Rahane,L Ngidi,1,0,,,,,,"",""
ball,1,92.4,India,AM Rahane,KL Rahul,L Ngidi,0,0,,,,,,"",""
ball,1,92.5,India,AM Rahane,KL Rahul,L Ngidi,0,0,,,,,,"",""
ball,1,92.6,India,AM Rahane,KL Rahul,L Ngidi,0,0,,,,,,"",""
ball,1,93.1,India,KL Rahul,AM Rahane,K Rabada,0,1,,1,,,,"",""
ball,1,93.2,India,KL Rahul,AM Rahane,K Rabada,0,0,,,,,,"",""
ball,1,93.3,India,KL Rahul,AM Rahane,K Rabada,0,0,,,,,,"",""
ball,1,93.4,India,KL Rahul,AM Rahane,K Rabada,0,0,,,,,,"",""
ball,1,93.5,India,KL Rahul,AM Rahane,K Rabada,0,1,,1,,,,"",""
ball,1,93.6,India,KL Rahul,AM Rahane,K Rabada,0,0,,,,,,"",""
ball,1,93.7,India,KL Rahul,AM Rahane,K Rabada,0,0,,,,,,"",""
ball,1,93.8,India,KL Rahul,AM Rahane,K Rabada,0,0,,,,,,caught,KL Rahul
ball,1,94.1,India,AM Rahane,RR Pant,L Ngidi,0,0,,,,,,"",""
ball,1,94.2,India,AM Rahane,RR Pant,L Ngidi,4,0,,,,,,"",""
ball,1,94.3,India,AM Rahane,RR Pant,L Ngidi,1,0,,,,,,"",""
ball,1,94.4,India,RR Pant,AM Rahane,L Ngidi,2,0,,,,,,"",""
ball,1,94.5,India,RR Pant,AM Rahane,L Ngidi,0,0,,,,,,"",""
ball,1,94.6,India,RR Pant,AM Rahane,L Ngidi,1,0,,,,,,"",""
ball,1,95.1,India,RR Pant,AM Rahane,K Rabada,0,0,,,,,,"",""
ball,1,95.2,India,RR Pant,AM Rahane,K Rabada,0,0,,,,,,"",""
ball,1,95.3,India,RR Pant,AM Rahane,K Rabada,0,1,,1,,,,"",""
ball,1,95.4,India,RR Pant,AM Rahane,K Rabada,4,0,,,,,,"",""
ball,1,95.5,India,RR Pant,AM Rahane,K Rabada,0,0,,,,,,"",""
ball,1,95.6,India,RR Pant,AM Rahane,K Rabada,0,0,,,,,,"",""
ball,1,95.7,India,RR Pant,AM Rahane,K Rabada,0,0,,,,,,"",""
ball,1,96.1,India,AM Rahane,RR Pant,L Ngidi,0,0,,,,,,"",""
ball,1,96.2,India,AM Rahane,RR Pant,L Ngidi,0,0,,,,,,"",""
ball,1,96.3,India,AM Rahane,RR Pant,L Ngidi,0,0,,,,,,"",""
ball,1,96.4,India,AM Rahane,RR Pant,L Ngidi,0,0,,,,,,caught,AM Rahane
ball,1,96.5,India,R Ashwin,RR Pant,L Ngidi,0,0,,,,,,"",""
ball,1,96.6,India,R Ashwin,RR Pant,L Ngidi,0,0,,,,,,"",""
ball,1,97.1,India,RR Pant,R Ashwin,K Rabada,1,0,,,,,,"",""
ball,1,97.2,India,R Ashwin,RR Pant,K Rabada,0,0,,,,,,"",""
ball,1,97.3,India,R Ashwin,RR Pant,K Rabada,4,0,,,,,,"",""
ball,1,97.4,India,R Ashwin,RR Pant,K Rabada,0,0,,,,,,caught,R Ashwin
ball,1,97.5,India,SN Thakur,RR Pant,K Rabada,0,0,,,,,,"",""
ball,1,97.6,India,SN Thakur,RR Pant,K Rabada,0,0,,,,,,"",""
ball,1,98.1,India,RR Pant,SN Thakur,L Ngidi,0,0,,,,,,"",""
ball,1,98.2,India,RR Pant,SN Thakur,L Ngidi,0,0,,,,,,caught,RR Pant
ball,1,98.3,India,Mohammed Shami,SN Thakur,L Ngidi,0,0,,,,,,"",""
ball,1,98.4,India,Mohammed Shami,SN Thakur,L Ngidi,4,0,,,,,,"",""
ball,1,98.5,India,Mohammed Shami,SN Thakur,L Ngidi,0,0,,,,,,"",""
ball,1,98.6,India,Mohammed Shami,SN Thakur,L Ngidi,0,0,,,,,,"",""
ball,1,99.1,India,SN Thakur,Mohammed Shami,K Rabada,0,0,,,,,,"",""
ball,1,99.2,India,SN Thakur,Mohammed Shami,K Rabada,0,0,,,,,,"",""
ball,1,99.3,India,SN Thakur,Mohammed Shami,K Rabada,0,0,,,,,,"",""
ball,1,99.4,India,SN Thakur,Mohammed Shami,K Rabada,0,0,,,,,,"",""
ball,1,99.5,India,SN Thakur,Mohammed Shami,K Rabada,4,0,,,,,,"",""
ball,1,99.6,India,SN Thakur,Mohammed Shami,K Rabada,0,0,,,,,,caught,SN Thakur
ball,1,100.1,India,Mohammed Shami,JJ Bumrah,L Ngidi,0,0,,,,,,"",""
ball,1,100.2,India,Mohammed Shami,JJ Bumrah,L Ngidi,4,0,,,,,,"",""
ball,1,100.3,India,Mohammed Shami,JJ Bumrah,L Ngidi,0,0,,,,,,"",""
ball,1,100.4,India,Mohammed Shami,JJ Bumrah,L Ngidi,0,0,,,,,,"",""
ball,1,100.5,India,Mohammed Shami,JJ Bumrah,L Ngidi,0,0,,,,,,caught,Mohammed Shami
ball,1,100.6,India,Mohammed Siraj,JJ Bumrah,L Ngidi,0,0,,,,,,"",""
ball,1,101.1,India,JJ Bumrah,Mohammed Siraj,K Rabada,2,1,,1,,,,"",""
ball,1,101.2,India,JJ Bumrah,Mohammed Siraj,K Rabada,0,0,,,,,,"",""
ball,1,101.3,India,JJ Bumrah,Mohammed Siraj,K Rabada,0,0,,,,,,"",""
ball,1,101.4,India,JJ Bumrah,Mohammed Siraj,K Rabada,0,0,,,,,,"",""
ball,1,101.5,India,JJ Bumrah,Mohammed Siraj,K Rabada,1,0,,,,,,"",""
ball,1,101.6,India,Mohammed Siraj,JJ Bumrah,K Rabada,0,0,,,,,,"",""
ball,1,101.7,India,Mohammed Siraj,JJ Bumrah,K Rabada,0,0,,,,,,"",""
ball,1,102.1,India,JJ Bumrah,Mohammed Siraj,L Ngidi,0,0,,,,,,"",""
ball,1,102.2,India,JJ Bumrah,Mohammed Siraj,L Ngidi,0,0,,,,,,"",""
ball,1,102.3,India,JJ Bumrah,Mohammed Siraj,L Ngidi,3,0,,,,,,"",""
ball,1,102.4,India,Mohammed Siraj,JJ Bumrah,L Ngidi,0,0,,,,,,"",""
ball,1,102.5,India,Mohammed Siraj,JJ Bumrah,L Ngidi,4,0,,,,,,"",""
ball,1,102.6,India,Mohammed Siraj,JJ Bumrah,L Ngidi,0,0,,,,,,"",""
ball,1,103.1,India,JJ Bumrah,Mohammed Siraj,M Jansen,0,0,,,,,,"",""
ball,1,103.2,India,JJ Bumrah,Mohammed Siraj,M Jansen,0,0,,,,,,"",""
ball,1,103.3,India,JJ Bumrah,Mohammed Siraj,M Jansen,0,0,,,,,,"",""
ball,1,103.4,India,JJ Bumrah,Mohammed Siraj,M Jansen,4,0,,,,,,"",""
ball,1,103.5,India,JJ Bumrah,Mohammed Siraj,M Jansen,0,0,,,,,,"",""
ball,1,103.6,India,JJ Bumrah,Mohammed Siraj,M Jansen,4,0,,,,,,"",""
ball,1,104.1,India,Mohammed Siraj,JJ Bumrah,PWA Mulder,0,0,,,,,,"",""
ball,1,104.2,India,Mohammed Siraj,JJ Bumrah,PWA Mulder,0,0,,,,,,"",""
ball,1,104.3,India,Mohammed Siraj,JJ Bumrah,PWA Mulder,0,0,,,,,,"",""
ball,1,104.4,India,Mohammed Siraj,JJ Bumrah,PWA Mulder,0,0,,,,,,"",""
ball,1,104.5,India,Mohammed Siraj,JJ Bumrah,PWA Mulder,0,0,,,,,,"",""
ball,1,104.6,India,Mohammed Siraj,JJ Bumrah,PWA Mulder,0,0,,,,,,"",""
ball,1,105.1,India,JJ Bumrah,Mohammed Siraj,M Jansen,0,0,,,,,,"",""
ball,1,105.2,India,JJ Bumrah,Mohammed Siraj,M Jansen,0,0,,,,,,"",""
ball,1,105.3,India,JJ Bumrah,Mohammed Siraj,M Jansen,0,0,,,,,,caught,JJ Bumrah
ball,2,0.1,South Africa,D Elgar,AK Markram,JJ Bumrah,1,0,,,,,,"",""
ball,2,0.2,South Africa,AK Markram,D Elgar,JJ Bumrah,0,0,,,,,,"",""
ball,2,0.3,South Africa,AK Markram,D Elgar,JJ Bumrah,0,0,,,,,,"",""
ball,2,0.4,South Africa,AK Markram,D Elgar,JJ Bumrah,1,0,,,,,,"",""
ball,2,0.5,South Africa,D Elgar,AK Markram,JJ Bumrah,0,0,,,,,,caught,D Elgar
ball,2,0.6,South Africa,KD Petersen,AK Markram,JJ Bumrah,0,0,,,,,,"",""
ball,2,1.1,South Africa,AK Markram,KD Petersen,Mohammed Siraj,0,0,,,,,,"",""
ball,2,1.2,South Africa,AK Markram,KD Petersen,Mohammed Siraj,4,0,,,,,,"",""
ball,2,1.3,South Africa,AK Markram,KD Petersen,Mohammed Siraj,0,0,,,,,,"",""
ball,2,1.4,South Africa,AK Markram,KD Petersen,Mohammed Siraj,0,0,,,,,,"",""
ball,2,1.5,South Africa,AK Markram,KD Petersen,Mohammed Siraj,0,0,,,,,,"",""
ball,2,1.6,South Africa,AK Markram,KD Petersen,Mohammed Siraj,0,0,,,,,,"",""
ball,2,2.1,South Africa,KD Petersen,AK Markram,JJ Bumrah,0,0,,,,,,"",""
ball,2,2.2,South Africa,KD Petersen,AK Markram,JJ Bumrah,0,0,,,,,,"",""
ball,2,2.3,South Africa,KD Petersen,AK Markram,JJ Bumrah,0,0,,,,,,"",""
ball,2,2.4,South Africa,KD Petersen,AK Markram,JJ Bumrah,0,0,,,,,,"",""
ball,2,2.5,South Africa,KD Petersen,AK Markram,JJ Bumrah,0,0,,,,,,"",""
ball,2,2.6,South Africa,KD Petersen,AK Markram,JJ Bumrah,4,0,,,,,,"",""
ball,2,3.1,South Africa,AK Markram,KD Petersen,Mohammed Siraj,0,0,,,,,,"",""
ball,2,3.2,South Africa,AK Markram,KD Petersen,Mohammed Siraj,4,0,,,,,,"",""
ball,2,3.3,South Africa,AK Markram,KD Petersen,Mohammed Siraj,0,0,,,,,,"",""
ball,2,3.4,South Africa,AK Markram,KD Petersen,Mohammed Siraj,0,0,,,,,,"",""
ball,2,3.5,South Africa,AK Markram,KD Petersen,Mohammed Siraj,0,0,,,,,,"",""
ball,2,3.6,South Africa,AK Markram,KD Petersen,Mohammed Siraj,0,0,,,,,,"",""
ball,2,4.1,South Africa,KD Petersen,AK Markram,JJ Bumrah,0,0,,,,,,"",""
ball,2,4.2,South Africa,KD Petersen,AK Markram,JJ Bumrah,0,0,,,,,,"",""
ball,2,4.3,South Africa,KD Petersen,AK Markram,JJ Bumrah,1,0,,,,,,"",""
ball,2,4.4,South Africa,AK Markram,KD Petersen,JJ Bumrah,0,0,,,,,,"",""
ball,2,4.5,South Africa,AK Markram,KD Petersen,JJ Bumrah,0,0,,,,,,"",""
ball,2,4.6,South Africa,AK Markram,KD Petersen,JJ Bumrah,0,0,,,,,,"",""
ball,2,5.1,South Africa,KD Petersen,AK Markram,Mohammed Shami,0,0,,,,,,"",""
ball,2,5.2,South Africa,KD Petersen,AK Markram,Mohammed Shami,0,0,,,,,,"",""
ball,2,5.3,South Africa,KD Petersen,AK Markram,Mohammed Shami,1,0,,,,,,"",""
ball,2,5.4,South Africa,AK Markram,KD Petersen,Mohammed Shami,0,0,,,,,,"",""
ball,2,5.5,South Africa,AK Markram,KD Petersen,Mohammed Shami,0,0,,,,,,"",""
ball,2,5.6,South Africa,AK Markram,KD Petersen,Mohammed Shami,0,0,,,,,,"",""
ball,2,6.1,South Africa,KD Petersen,AK Markram,JJ Bumrah,0,0,,,,,,"",""
ball,2,6.2,South Africa,KD Petersen,AK Markram,JJ Bumrah,0,0,,,,,,"",""
ball,2,6.3,South Africa,KD Petersen,AK Markram,JJ Bumrah,0,0,,,,,,"",""
ball,2,6.4,South Africa,KD Petersen,AK Markram,JJ Bumrah,4,0,,,,,,"",""
ball,2,6.5,South Africa,KD Petersen,AK Markram,JJ Bumrah,0,0,,,,,,"",""
ball,2,6.6,South Africa,KD Petersen,AK Markram,JJ Bumrah,1,0,,,,,,"",""
ball,2,7.1,South Africa,KD Petersen,AK Markram,Mohammed Shami,4,0,,,,,,"",""
ball,2,7.2,South Africa,KD Petersen,AK Markram,Mohammed Shami,0,0,,,,,,"",""
ball,2,7.3,South Africa,KD Petersen,AK Markram,Mohammed Shami,0,0,,,,,,bowled,KD Petersen
ball,2,7.4,South Africa,HE van der Dussen,AK Markram,Mohammed Shami,1,0,,,,,,"",""
ball,2,7.5,South Africa,AK Markram,HE van der Dussen,Mohammed Shami,4,0,,,,,,"",""
ball,2,7.6,South Africa,AK Markram,HE van der Dussen,Mohammed Shami,0,0,,,,,,"",""
ball,2,8.1,South Africa,HE van der Dussen,AK Markram,JJ Bumrah,0,0,,,,,,"",""
ball,2,8.2,South Africa,HE van der Dussen,AK Markram,JJ Bumrah,0,0,,,,,,"",""
ball,2,8.3,South Africa,HE van der Dussen,AK Markram,JJ Bumrah,0,0,,,,,,"",""
ball,2,8.4,South Africa,HE van der Dussen,AK Markram,JJ Bumrah,0,0,,,,,,"",""
ball,2,8.5,South Africa,HE van der Dussen,AK Markram,JJ Bumrah,0,0,,,,,,"",""
ball,2,8.6,South Africa,HE van der Dussen,AK Markram,JJ Bumrah,0,0,,,,,,"",""
ball,2,9.1,South Africa,AK Markram,HE van der Dussen,Mohammed Shami,0,0,,,,,,"",""
ball,2,9.2,South Africa,AK Markram,HE van der Dussen,Mohammed Shami,0,0,,,,,,"",""
ball,2,9.3,South Africa,AK Markram,HE van der Dussen,Mohammed Shami,0,0,,,,,,"",""
ball,2,9.4,South Africa,AK Markram,HE van der Dussen,Mohammed Shami,0,0,,,,,,"",""
ball,2,9.5,South Africa,AK Markram,HE van der Dussen,Mohammed Shami,0,0,,,,,,"",""
ball,2,9.6,South Africa,AK Markram,HE van der Dussen,Mohammed Shami,0,0,,,,,,"",""
ball,2,10.1,South Africa,HE van der Dussen,AK Markram,JJ Bumrah,0,0,,,,,,"",""
ball,2,10.2,South Africa,HE van der Dussen,AK Markram,JJ Bumrah,0,0,,,,,,"",""
ball,2,10.3,South Africa,HE van der Dussen,AK Markram,JJ Bumrah,0,0,,,,,,"",""
ball,2,10.4,South Africa,HE van der Dussen,AK Markram,JJ Bumrah,0,0,,,,,,"",""
ball,2,10.5,South Africa,HE van der Dussen,AK Markram,JJ Bumrah,0,0,,,,,,"",""
ball,2,10.6,South Africa,HE van der Dussen,AK Markram,Mohammed Siraj,0,0,,,,,,"",""
ball,2,11.1,South Africa,AK Markram,HE van der Dussen,Mohammed Shami,0,0,,,,,,"",""
ball,2,11.2,South Africa,AK Markram,HE van der Dussen,Mohammed Shami,0,0,,,,,,"",""
ball,2,11.3,South Africa,AK Markram,HE van der Dussen,Mohammed Shami,0,0,,,,,,"",""
ball,2,11.4,South Africa,AK Markram,HE van der Dussen,Mohammed Shami,0,0,,,,,,"",""
ball,2,11.5,South Africa,AK Markram,HE van der Dussen,Mohammed Shami,0,0,,,,,,bowled,AK Markram
ball,2,11.6,South Africa,T Bavuma,HE van der Dussen,Mohammed Shami,0,0,,,,,,"",""
ball,2,12.1,South Africa,HE van der Dussen,T Bavuma,Mohammed Siraj,0,0,,,,,,"",""
ball,2,12.2,South Africa,HE van der Dussen,T Bavuma,Mohammed Siraj,0,0,,,,,,"",""
ball,2,12.3,South Africa,HE van der Dussen,T Bavuma,Mohammed Siraj,2,0,,,,,,"",""
ball,2,12.4,South Africa,HE van der Dussen,T Bavuma,Mohammed Siraj,0,0,,,,,,"",""
ball,2,12.5,South Africa,HE van der Dussen,T Bavuma,Mohammed Siraj,0,0,,,,,,caught,HE van der Dussen
ball,2,12.6,South Africa,Q de Kock,T Bavuma,Mohammed Siraj,0,0,,,,,,"",""
ball,2,13.1,South Africa,T Bavuma,Q de Kock,Mohammed Shami,0,0,,,,,,"",""
ball,2,13.2,South Africa,T Bavuma,Q de Kock,Mohammed Shami,0,0,,,,,,"",""
ball,2,13.3,South Africa,T Bavuma,Q de Kock,Mohammed Shami,0,0,,,,,,"",""
ball,2,13.4,South Africa,T Bavuma,Q de Kock,Mohammed Shami,0,0,,,,,,"",""
ball,2,13.5,South Africa,T Bavuma,Q de Kock,Mohammed Shami,0,0,,,,,,"",""
ball,2,13.6,South Africa,T Bavuma,Q de Kock,Mohammed Shami,0,0,,,,,,"",""
ball,2,14.1,South Africa,Q de Kock,T Bavuma,Mohammed Siraj,0,0,,,,,,"",""
ball,2,14.2,South Africa,Q de Kock,T Bavuma,Mohammed Siraj,0,0,,,,,,"",""
ball,2,14.3,South Africa,Q de Kock,T Bavuma,Mohammed Siraj,0,0,,,,,,"",""
ball,2,14.4,South Africa,Q de Kock,T Bavuma,Mohammed Siraj,0,1,,,,1,,"",""
ball,2,14.5,South Africa,T Bavuma,Q de Kock,Mohammed Siraj,0,0,,,,,,"",""
ball,2,14.6,South Africa,T Bavuma,Q de Kock,Mohammed Siraj,0,0,,,,,,"",""
ball,2,15.1,South Africa,Q de Kock,T Bavuma,Mohammed Shami,0,0,,,,,,"",""
ball,2,15.2,South Africa,Q de Kock,T Bavuma,Mohammed Shami,0,0,,,,,,"",""
ball,2,15.3,South Africa,Q de Kock,T Bavuma,Mohammed Shami,0,0,,,,,,"",""
ball,2,15.4,South Africa,Q de Kock,T Bavuma,Mohammed Shami,0,0,,,,,,"",""
ball,2,15.5,South Africa,Q de Kock,T Bavuma,Mohammed Shami,0,0,,,,,,"",""
ball,2,15.6,South Africa,Q de Kock,T Bavuma,Mohammed Shami,0,0,,,,,,"",""
ball,2,16.1,South Africa,T Bavuma,Q de Kock,Mohammed Siraj,4,0,,,,,,"",""
ball,2,16.2,South Africa,T Bavuma,Q de Kock,Mohammed Siraj,0,0,,,,,,"",""
ball,2,16.3,South Africa,T Bavuma,Q de Kock,Mohammed Siraj,0,0,,,,,,"",""
ball,2,16.4,South Africa,T Bavuma,Q de Kock,Mohammed Siraj,4,0,,,,,,"",""
ball,2,16.5,South Africa,T Bavuma,Q de Kock,Mohammed Siraj,0,0,,,,,,"",""
ball,2,16.6,South Africa,T Bavuma,Q de Kock,Mohammed Siraj,1,0,,,,,,"",""
ball,2,17.1,South Africa,T Bavuma,Q de Kock,SN Thakur,0,1,,1,,,,"",""
ball,2,17.2,South Africa,T Bavuma,Q de Kock,SN Thakur,0,0,,,,,,"",""
ball,2,17.3,South Africa,T Bavuma,Q de Kock,SN Thakur,0,0,,,,,,"",""
ball,2,17.4,South Africa,T Bavuma,Q de Kock,SN Thakur,0,0,,,,,,"",""
ball,2,17.5,South Africa,T Bavuma,Q de Kock,SN Thakur,0,0,,,,,,"",""
ball,2,17.6,South Africa,T Bavuma,Q de Kock,SN Thakur,0,0,,,,,,"",""
ball,2,17.7,South Africa,T Bavuma,Q de Kock,SN Thakur,1,0,,,,,,"",""
ball,2,18.1,South Africa,T Bavuma,Q de Kock,Mohammed Siraj,0,0,,,,,,"",""
ball,2,18.2,South Africa,T Bavuma,Q de Kock,Mohammed Siraj,2,0,,,,,,"",""
ball,2,18.3,South Africa,T Bavuma,Q de Kock,Mohammed Siraj,0,0,,,,,,"",""
ball,2,18.4,South Africa,T Bavuma,Q de Kock,Mohammed Siraj,0,1,,1,,,,"",""
ball,2,18.5,South Africa,T Bavuma,Q de Kock,Mohammed Siraj,0,0,,,,,,"",""
ball,2,18.6,South Africa,T Bavuma,Q de Kock,Mohammed Siraj,0,0,,,,,,"",""
ball,2,18.7,South Africa,T Bavuma,Q de Kock,Mohammed Siraj,0,0,,,,,,"",""
ball,2,19.1,South Africa,Q de Kock,T Bavuma,SN Thakur,4,0,,,,,,"",""
ball,2,19.2,South Africa,Q de Kock,T Bavuma,SN Thakur,4,0,,,,,,"",""
ball,2,19.3,South Africa,Q de Kock,T Bavuma,SN Thakur,0,0,,,,,,"",""
ball,2,19.4,South Africa,Q de Kock,T Bavuma,SN Thakur,0,1,,1,,,,"",""
ball,2,19.5,South Africa,Q de Kock,T Bavuma,SN Thakur,0,0,,,,,,"",""
ball,2,19.6,South Africa,Q de Kock,T Bavuma,SN Thakur,0,1,,1,,,,"",""
ball,2,19.7,South Africa,Q de Kock,T Bavuma,SN Thakur,0,0,,,,,,"",""
ball,2,19.8,South Africa,Q de Kock,T Bavuma,SN Thakur,0,0,,,,,,"",""
ball,2,20.1,South Africa,T Bavuma,Q de Kock,Mohammed Siraj,0,0,,,,,,"",""
ball,2,20.2,South Africa,T Bavuma,Q de Kock,Mohammed Siraj,0,0,,,,,,"",""
ball,2,20.3,South Africa,T Bavuma,Q de Kock,Mohammed Siraj,0,0,,,,,,"",""
ball,2,20.4,South Africa,T Bavuma,Q de Kock,Mohammed Siraj,4,0,,,,,,"",""
ball,2,20.5,South Africa,T Bavuma,Q de Kock,Mohammed Siraj,0,0,,,,,,"",""
ball,2,20.6,South Africa,T Bavuma,Q de Kock,Mohammed Siraj,0,0,,,,,,"",""
ball,2,21.1,South Africa,Q de Kock,T Bavuma,R Ashwin,1,0,,,,,,"",""
ball,2,21.2,South Africa,T Bavuma,Q de Kock,R Ashwin,0,0,,,,,,"",""
ball,2,21.3,South Africa,T Bavuma,Q de Kock,R Ashwin,0,0,,,,,,"",""
ball,2,21.4,South Africa,T Bavuma,Q de Kock,R Ashwin,0,0,,,,,,"",""
ball,2,21.5,South Africa,T Bavuma,Q de Kock,R Ashwin,0,0,,,,,,"",""
ball,2,21.6,South Africa,T Bavuma,Q de Kock,R Ashwin,0,0,,,,,,"",""
ball,2,22.1,South Africa,Q de Kock,T Bavuma,Mohammed Siraj,0,0,,,,,,"",""
ball,2,22.2,South Africa,Q de Kock,T Bavuma,Mohammed Siraj,0,0,,,,,,"",""
ball,2,22.3,South Africa,Q de Kock,T Bavuma,Mohammed Siraj,0,0,,,,,,"",""
ball,2,22.4,South Africa,Q de Kock,T Bavuma,Mohammed Siraj,0,0,,,,,,"",""
ball,2,22.5,South Africa,Q de Kock,T Bavuma,Mohammed Siraj,0,0,,,,,,"",""
ball,2,22.6,South Africa,Q de Kock,T Bavuma,Mohammed Siraj,2,0,,,,,,"",""
ball,2,23.1,South Africa,T Bavuma,Q de Kock,R Ashwin,1,0,,,,,,"",""
ball,2,23.2,South Africa,Q de Kock,T Bavuma,R Ashwin,0,0,,,,,,"",""
ball,2,23.3,South Africa,Q de Kock,T Bavuma,R Ashwin,0,0,,,,,,"",""
ball,2,23.4,South Africa,Q de Kock,T Bavuma,R Ashwin,0,0,,,,,,"",""
ball,2,23.5,South Africa,Q de Kock,T Bavuma,R Ashwin,1,0,,,,,,"",""
ball,2,23.6,South Africa,T Bavuma,Q de Kock,R Ashwin,0,0,,,,,,"",""
ball,2,24.1,South Africa,Q de Kock,T Bavuma,SN Thakur,0,0,,,,,,"",""
ball,2,24.2,South Africa,Q de Kock,T Bavuma,SN Thakur,0,0,,,,,,"",""
ball,2,24.3,South Africa,Q de Kock,T Bavuma,SN Thakur,0,0,,,,,,"",""
ball,2,24.4,South Africa,Q de Kock,T Bavuma,SN Thakur,1,0,,,,,,"",""
ball,2,24.5,South Africa,T Bavuma,Q de Kock,SN Thakur,0,0,,,,,,"",""
ball,2,24.6,South Africa,T Bavuma,Q de Kock,SN Thakur,0,0,,,,,,"",""
ball,2,25.1,South Africa,Q de Kock,T Bavuma,R Ashwin,0,0,,,,,,"",""
ball,2,25.2,South Africa,Q de Kock,T Bavuma,R Ashwin,0,0,,,,,,"",""
ball,2,25.3,South Africa,Q de Kock,T Bavuma,R Ashwin,0,0,,,,,,"",""
ball,2,25.4,South Africa,Q de Kock,T Bavuma,R Ashwin,0,0,,,,,,"",""
ball,2,25.5,South Africa,Q de Kock,T Bavuma,R Ashwin,0,0,,,,,,"",""
ball,2,25.6,South Africa,Q de Kock,T Bavuma,R Ashwin,4,0,,,,,,"",""
ball,2,26.1,South Africa,T Bavuma,Q de Kock,SN Thakur,0,0,,,,,,"",""
ball,2,26.2,South Africa,T Bavuma,Q de Kock,SN Thakur,4,0,,,,,,"",""
ball,2,26.3,South Africa,T Bavuma,Q de Kock,SN Thakur,4,0,,,,,,"",""
ball,2,26.4,South Africa,T Bavuma,Q de Kock,SN Thakur,0,1,,1,,,,"",""
ball,2,26.5,South Africa,T Bavuma,Q de Kock,SN Thakur,0,0,,,,,,"",""
ball,2,26.6,South Africa,T Bavuma,Q de Kock,SN Thakur,0,0,,,,,,"",""
ball,2,26.7,South Africa,T Bavuma,Q de Kock,SN Thakur,0,1,,1,,,,"",""
ball,2,26.8,South Africa,T Bavuma,Q de Kock,SN Thakur,0,0,,,,,,"",""
ball,2,27.1,South Africa,Q de Kock,T Bavuma,R Ashwin,2,0,,,,,,"",""
ball,2,27.2,South Africa,Q de Kock,T Bavuma,R Ashwin,6,0,,,,,,"",""
ball,2,27.3,South Africa,Q de Kock,T Bavuma,R Ashwin,0,0,,,,,,"",""
ball,2,27.4,South Africa,Q de Kock,T Bavuma,R Ashwin,1,0,,,,,,"",""
ball,2,27.5,South Africa,T Bavuma,Q de Kock,R Ashwin,0,0,,,,,,"",""
ball,2,27.6,South Africa,T Bavuma,Q de Kock,R Ashwin,0,0,,,,,,"",""
ball,2,28.1,South Africa,Q de Kock,T Bavuma,Mohammed Shami,2,0,,,,,,"",""
ball,2,28.2,South Africa,Q de Kock,T Bavuma,Mohammed Shami,1,0,,,,,,"",""
ball,2,28.3,South Africa,T Bavuma,Q de Kock,Mohammed Shami,0,0,,,,,,"",""
ball,2,28.4,South Africa,T Bavuma,Q de Kock,Mohammed Shami,0,0,,,,,,"",""
ball,2,28.5,South Africa,T Bavuma,Q de Kock,Mohammed Shami,1,0,,,,,,"",""
ball,2,28.6,South Africa,Q de Kock,T Bavuma,Mohammed Shami,0,0,,,,,,"",""
ball,2,29.1,South Africa,T Bavuma,Q de Kock,R Ashwin,0,0,,,,,,"",""
ball,2,29.2,South Africa,T Bavuma,Q de Kock,R Ashwin,0,0,,,,,,"",""
ball,2,29.3,South Africa,T Bavuma,Q de Kock,R Ashwin,0,0,,,,,,"",""
ball,2,29.4,South Africa,T Bavuma,Q de Kock,R Ashwin,0,0,,,,,,"",""
ball,2,29.5,South Africa,T Bavuma,Q de Kock,R Ashwin,4,0,,,,,,"",""
ball,2,29.6,South Africa,T Bavuma,Q de Kock,R Ashwin,0,0,,,,,,"",""
ball,2,30.1,South Africa,Q de Kock,T Bavuma,Mohammed Shami,0,0,,,,,,"",""
ball,2,30.2,South Africa,Q de Kock,T Bavuma,Mohammed Shami,0,0,,,,,,"",""
ball,2,30.3,South Africa,Q de Kock,T Bavuma,Mohammed Shami,0,0,,,,,,"",""
ball,2,30.4,South Africa,Q de Kock,T Bavuma,Mohammed Shami,0,0,,,,,,"",""
ball,2,30.5,South Africa,Q de Kock,T Bavuma,Mohammed Shami,1,0,,,,,,"",""
ball,2,30.6,South Africa,T Bavuma,Q de Kock,Mohammed Shami,0,0,,,,,,"",""
ball,2,31.1,South Africa,Q de Kock,T Bavuma,R Ashwin,1,0,,,,,,"",""
ball,2,31.2,South Africa,T Bavuma,Q de Kock,R Ashwin,0,0,,,,,,"",""
ball,2,31.3,South Africa,T Bavuma,Q de Kock,R Ashwin,0,0,,,,,,"",""
ball,2,31.4,South Africa,T Bavuma,Q de Kock,R Ashwin,1,0,,,,,,"",""
ball,2,31.5,South Africa,Q de Kock,T Bavuma,R Ashwin,1,0,,,,,,"",""
ball,2,31.6,South Africa,T Bavuma,Q de Kock,R Ashwin,0,0,,,,,,"",""
ball,2,32.1,South Africa,Q de Kock,T Bavuma,Mohammed Shami,0,0,,,,,,"",""
ball,2,32.2,South Africa,Q de Kock,T Bavuma,Mohammed Shami,0,0,,,,,,"",""
ball,2,32.3,South Africa,Q de Kock,T Bavuma,Mohammed Shami,0,0,,,,,,"",""
ball,2,32.4,South Africa,Q de Kock,T Bavuma,Mohammed Shami,1,0,,,,,,"",""
ball,2,32.5,South Africa,T Bavuma,Q de Kock,Mohammed Shami,0,0,,,,,,"",""
ball,2,32.6,South Africa,T Bavuma,Q de Kock,Mohammed Shami,0,0,,,,,,"",""
ball,2,33.1,South Africa,Q de Kock,T Bavuma,Mohammed Siraj,0,0,,,,,,"",""
ball,2,33.2,South Africa,Q de Kock,T Bavuma,Mohammed Siraj,0,0,,,,,,"",""
ball,2,33.3,South Africa,Q de Kock,T Bavuma,Mohammed Siraj,0,0,,,,,,"",""
ball,2,33.4,South Africa,Q de Kock,T Bavuma,Mohammed Siraj,1,0,,,,,,"",""
ball,2,33.5,South Africa,T Bavuma,Q de Kock,Mohammed Siraj,0,0,,,,,,"",""
ball,2,33.6,South Africa,T Bavuma,Q de Kock,Mohammed Siraj,0,0,,,,,,"",""
ball,2,34.1,South Africa,Q de Kock,T Bavuma,SN Thakur,0,0,,,,,,bowled,Q de Kock
ball,2,34.2,South Africa,PWA Mulder,T Bavuma,SN Thakur,4,0,,,,,,"",""
ball,2,34.3,South Africa,PWA Mulder,T Bavuma,SN Thakur,0,0,,,,,,"",""
ball,2,34.4,South Africa,PWA Mulder,T Bavuma,SN Thakur,0,0,,,,,,"",""
ball,2,34.5,South Africa,PWA Mulder,T Bavuma,SN Thakur,0,0,,,,,,"",""
ball,2,34.6,South Africa,PWA Mulder,T Bavuma,SN Thakur,0,0,,,,,,"",""
ball,2,35.1,South Africa,T Bavuma,PWA Mulder,Mohammed Siraj,0,1,,,,1,,"",""
ball,2,35.2,South Africa,PWA Mulder,T Bavuma,Mohammed Siraj,0,0,,,,,,"",""
ball,2,35.3,South Africa,PWA Mulder,T Bavuma,Mohammed Siraj,0,0,,,,,,"",""
ball,2,35.4,South Africa,PWA Mulder,T Bavuma,Mohammed Siraj,0,0,,,,,,"",""
ball,2,35.5,South Africa,PWA Mulder,T Bavuma,Mohammed Siraj,0,0,,,,,,"",""
ball,2,35.6,South Africa,PWA Mulder,T Bavuma,Mohammed Siraj,0,0,,,,,,"",""
ball,2,36.1,South Africa,T Bavuma,PWA Mulder,SN Thakur,0,0,,,,,,"",""
ball,2,36.2,South Africa,T Bavuma,PWA Mulder,SN Thakur,0,0,,,,,,"",""
ball,2,36.3,South Africa,T Bavuma,PWA Mulder,SN Thakur,0,0,,,,,,"",""
ball,2,36.4,South Africa,T Bavuma,PWA Mulder,SN Thakur,0,0,,,,,,"",""
ball,2,36.5,South Africa,T Bavuma,PWA Mulder,SN Thakur,0,0,,,,,,"",""
ball,2,36.6,South Africa,T Bavuma,PWA Mulder,SN Thakur,0,0,,,,,,"",""
ball,2,37.1,South Africa,PWA Mulder,T Bavuma,Mohammed Siraj,0,0,,,,,,"",""
ball,2,37.2,South Africa,PWA Mulder,T Bavuma,Mohammed Siraj,0,0,,,,,,"",""
ball,2,37.3,South Africa,PWA Mulder,T Bavuma,Mohammed Siraj,0,0,,,,,,"",""
ball,2,37.4,South Africa,PWA Mulder,T Bavuma,Mohammed Siraj,0,0,,,,,,"",""
ball,2,37.5,South Africa,PWA Mulder,T Bavuma,Mohammed Siraj,0,0,,,,,,"",""
ball,2,37.6,South Africa,PWA Mulder,T Bavuma,Mohammed Siraj,0,0,,,,,,"",""
ball,2,38.1,South Africa,T Bavuma,PWA Mulder,SN Thakur,0,0,,,,,,"",""
ball,2,38.2,South Africa,T Bavuma,PWA Mulder,SN Thakur,0,0,,,,,,"",""
ball,2,38.3,South Africa,T Bavuma,PWA Mulder,SN Thakur,0,0,,,,,,"",""
ball,2,38.4,South Africa,T Bavuma,PWA Mulder,SN Thakur,2,0,,,,,,"",""
ball,2,38.5,South Africa,T Bavuma,PWA Mulder,SN Thakur,0,0,,,,,,"",""
ball,2,38.6,South Africa,T Bavuma,PWA Mulder,SN Thakur,0,1,,1,,,,"",""
ball,2,38.7,South Africa,T Bavuma,PWA Mulder,SN Thakur,0,0,,,,,,"",""
ball,2,39.1,South Africa,PWA Mulder,T Bavuma,Mohammed Siraj,0,0,,,,,,"",""
ball,2,39.2,South Africa,PWA Mulder,T Bavuma,Mohammed Siraj,0,0,,,,,,"",""
ball,2,39.3,South Africa,PWA Mulder,T Bavuma,Mohammed Siraj,0,0,,,,,,"",""
ball,2,39.4,South Africa,PWA Mulder,T Bavuma,Mohammed Siraj,0,0,,,,,,"",""
ball,2,39.5,South Africa,PWA Mulder,T Bavuma,Mohammed Siraj,0,0,,,,,,"",""
ball,2,39.6,South Africa,PWA Mulder,T Bavuma,Mohammed Siraj,4,0,,,,,,"",""
ball,2,40.1,South Africa,T Bavuma,PWA Mulder,SN Thakur,4,0,,,,,,"",""
ball,2,40.2,South Africa,T Bavuma,PWA Mulder,SN Thakur,0,0,,,,,,"",""
ball,2,40.3,South Africa,T Bavuma,PWA Mulder,SN Thakur,4,0,,,,,,"",""
ball,2,40.4,South Africa,T Bavuma,PWA Mulder,SN Thakur,4,0,,,,,,"",""
ball,2,40.5,South Africa,T Bavuma,PWA Mulder,SN Thakur,0,0,,,,,,"",""
ball,2,40.6,South Africa,T Bavuma,PWA Mulder,SN Thakur,0,0,,,,,,"",""
ball,2,41.1,South Africa,PWA Mulder,T Bavuma,Mohammed Siraj,0,0,,,,,,"",""
ball,2,41.2,South Africa,PWA Mulder,T Bavuma,Mohammed Siraj,0,0,,,,,,"",""
ball,2,41.3,South Africa,PWA Mulder,T Bavuma,Mohammed Siraj,0,0,,,,,,"",""
ball,2,41.4,South Africa,PWA Mulder,T Bavuma,Mohammed Siraj,0,0,,,,,,"",""
ball,2,41.5,South Africa,PWA Mulder,T Bavuma,Mohammed Siraj,0,0,,,,,,"",""
ball,2,41.6,South Africa,PWA Mulder,T Bavuma,Mohammed Siraj,1,0,,,,,,"",""
ball,2,42.1,South Africa,PWA Mulder,T Bavuma,Mohammed Shami,0,0,,,,,,"",""
ball,2,42.2,South Africa,PWA Mulder,T Bavuma,Mohammed Shami,2,0,,,,,,"",""
ball,2,42.3,South Africa,PWA Mulder,T Bavuma,Mohammed Shami,1,0,,,,,,"",""
ball,2,42.4,South Africa,T Bavuma,PWA Mulder,Mohammed Shami,1,0,,,,,,"",""
ball,2,42.5,South Africa,PWA Mulder,T Bavuma,Mohammed Shami,0,0,,,,,,"",""
ball,2,42.6,South Africa,PWA Mulder,T Bavuma,Mohammed Shami,0,0,,,,,,caught,PWA Mulder
ball,2,43.1,South Africa,T Bavuma,M Jansen,R Ashwin,1,0,,,,,,"",""
ball,2,43.2,South Africa,M Jansen,T Bavuma,R Ashwin,1,0,,,,,,"",""
ball,2,43.3,South Africa,T Bavuma,M Jansen,R Ashwin,0,0,,,,,,"",""
ball,2,43.4,South Africa,T Bavuma,M Jansen,R Ashwin,0,0,,,,,,"",""
ball,2,43.5,South Africa,T Bavuma,M Jansen,R Ashwin,1,0,,,,,,"",""
ball,2,43.6,South Africa,M Jansen,T Bavuma,R Ashwin,1,0,,,,,,"",""
ball,2,44.1,South Africa,M Jansen,T Bavuma,Mohammed Shami,0,0,,,,,,"",""
ball,2,44.2,South Africa,M Jansen,T Bavuma,Mohammed Shami,2,0,,,,,,"",""
ball,2,44.3,South Africa,M Jansen,T Bavuma,Mohammed Shami,0,0,,,,,,"",""
ball,2,44.4,South Africa,M Jansen,T Bavuma,Mohammed Shami,1,0,,,,,,"",""
ball,2,44.5,South Africa,T Bavuma,M Jansen,Mohammed Shami,0,0,,,,,,"",""
ball,2,44.6,South Africa,T Bavuma,M Jansen,Mohammed Shami,0,0,,,,,,"",""
ball,2,45.1,South Africa,M Jansen,T Bavuma,R Ashwin,0,0,,,,,,"",""
ball,2,45.2,South Africa,M Jansen,T Bavuma,R Ashwin,0,0,,,,,,"",""
ball,2,45.3,South Africa,M Jansen,T Bavuma,R Ashwin,0,0,,,,,,"",""
ball,2,45.4,South Africa,M Jansen,T Bavuma,R Ashwin,0,0,,,,,,"",""
ball,2,45.5,South Africa,M Jansen,T Bavuma,R Ashwin,0,0,,,,,,"",""
ball,2,45.6,South Africa,M Jansen,T Bavuma,R Ashwin,0,0,,,,,,"",""
ball,2,46.1,South Africa,T Bavuma,M Jansen,Mohammed Shami,0,0,,,,,,"",""
ball,2,46.2,South Africa,T Bavuma,M Jansen,Mohammed Shami,4,0,,,,,,"",""
ball,2,46.3,South Africa,T Bavuma,M Jansen,Mohammed Shami,0,0,,,,,,"",""
ball,2,46.4,South Africa,T Bavuma,M Jansen,Mohammed Shami,0,0,,,,,,caught,T Bavuma
ball,2,46.5,South Africa,K Rabada,M Jansen,Mohammed Shami,0,0,,,,,,"",""
ball,2,46.6,South Africa,K Rabada,M Jansen,Mohammed Shami,4,0,,,,,,"",""
ball,2,47.1,South Africa,M Jansen,K Rabada,R Ashwin,0,0,,,,,,"",""
ball,2,47.2,South Africa,M Jansen,K Rabada,R Ashwin,0,0,,,,,,"",""
ball,2,47.3,South Africa,M Jansen,K Rabada,R Ashwin,0,0,,,,,,"",""
ball,2,47.4,South Africa,M Jansen,K Rabada,R Ashwin,1,0,,,,,,"",""
ball,2,47.5,South Africa,K Rabada,M Jansen,R Ashwin,0,0,,,,,,"",""
ball,2,47.6,South Africa,K Rabada,M Jansen,R Ashwin,0,0,,,,,,"",""
ball,2,48.1,South Africa,M Jansen,K Rabada,Mohammed Shami,0,0,,,,,,"",""
ball,2,48.2,South Africa,M Jansen,K Rabada,Mohammed Shami,0,0,,,,,,"",""
ball,2,48.3,South Africa,M Jansen,K Rabada,Mohammed Shami,4,0,,,,,,"",""
ball,2,48.4,South Africa,M Jansen,K Rabada,Mohammed Shami,0,0,,,,,,"",""
ball,2,48.5,South Africa,M Jansen,K Rabada,Mohammed Shami,0,0,,,,,,"",""
ball,2,48.6,South Africa,M Jansen,K Rabada,Mohammed Shami,0,0,,,,,,"",""
ball,2,49.1,South Africa,K Rabada,M Jansen,R Ashwin,0,0,,,,,,"",""
ball,2,49.2,South Africa,K Rabada,M Jansen,R Ashwin,1,0,,,,,,"",""
ball,2,49.3,South Africa,M Jansen,K Rabada,R Ashwin,0,0,,,,,,"",""
ball,2,49.4,South Africa,M Jansen,K Rabada,R Ashwin,0,0,,,,,,"",""
ball,2,49.5,South Africa,M Jansen,K Rabada,R Ashwin,0,0,,,,,,"",""
ball,2,49.6,South Africa,M Jansen,K Rabada,R Ashwin,0,0,,,,,,"",""
ball,2,50.1,South Africa,K Rabada,M Jansen,Mohammed Siraj,0,0,,,,,,"",""
ball,2,50.2,South Africa,K Rabada,M Jansen,Mohammed Siraj,0,0,,,,,,"",""
ball,2,50.3,South Africa,K Rabada,M Jansen,Mohammed Siraj,2,0,,,,,,"",""
ball,2,50.4,South Africa,K Rabada,M Jansen,Mohammed Siraj,0,0,,,,,,"",""
ball,2,50.5,South Africa,K Rabada,M Jansen,Mohammed Siraj,0,0,,,,,,"",""
ball,2,50.6,South Africa,K Rabada,M Jansen,Mohammed Siraj,4,0,,,,,,"",""
ball,2,51.1,South Africa,M Jansen,K Rabada,R Ashwin,0,0,,,,,,"",""
ball,2,51.2,South Africa,M Jansen,K Rabada,R Ashwin,0,0,,,,,,"",""
ball,2,51.3,South Africa,M Jansen,K Rabada,R Ashwin,1,0,,,,,,"",""
ball,2,51.4,South Africa,K Rabada,M Jansen,R Ashwin,0,0,,,,,,"",""
ball,2,51.5,South Africa,K Rabada,M Jansen,R Ashwin,0,0,,,,,,"",""
ball,2,51.6,South Africa,K Rabada,M Jansen,R Ashwin,1,0,,,,,,"",""
ball,2,52.1,South Africa,K Rabada,M Jansen,Mohammed Siraj,0,0,,,,,,"",""
ball,2,52.2,South Africa,K Rabada,M Jansen,Mohammed Siraj,0,0,,,,,,"",""
ball,2,52.3,South Africa,K Rabada,M Jansen,Mohammed Siraj,4,0,,,,,,"",""
ball,2,52.4,South Africa,K Rabada,M Jansen,Mohammed Siraj,0,0,,,,,,"",""
ball,2,52.5,South Africa,K Rabada,M Jansen,Mohammed Siraj,1,0,,,,,,"",""
ball,2,52.6,South Africa,M Jansen,K Rabada,Mohammed Siraj,0,0,,,,,,"",""
ball,2,53.1,South Africa,K Rabada,M Jansen,R Ashwin,0,0,,,,,,"",""
ball,2,53.2,South Africa,K Rabada,M Jansen,R Ashwin,0,0,,,,,,"",""
ball,2,53.3,South Africa,K Rabada,M Jansen,R Ashwin,0,0,,,,,,"",""
ball,2,53.4,South Africa,K Rabada,M Jansen,R Ashwin,0,0,,,,,,"",""
ball,2,53.5,South Africa,K Rabada,M Jansen,R Ashwin,0,0,,,,,,"",""
ball,2,53.6,South Africa,K Rabada,M Jansen,R Ashwin,0,0,,,,,,"",""
ball,2,54.1,South Africa,M Jansen,K Rabada,SN Thakur,0,0,,,,,,"",""
ball,2,54.2,South Africa,M Jansen,K Rabada,SN Thakur,0,0,,,,,,"",""
ball,2,54.3,South Africa,M Jansen,K Rabada,SN Thakur,0,0,,,,,,"",""
ball,2,54.4,South Africa,M Jansen,K Rabada,SN Thakur,0,0,,,,,,"",""
ball,2,54.5,South Africa,M Jansen,K Rabada,SN Thakur,4,0,,,,,,"",""
ball,2,54.6,South Africa,M Jansen,K Rabada,SN Thakur,0,0,,,,,,"",""
ball,2,55.1,South Africa,K Rabada,M Jansen,R Ashwin,0,0,,,,,,"",""
ball,2,55.2,South Africa,K Rabada,M Jansen,R Ashwin,0,0,,,,,,"",""
ball,2,55.3,South Africa,K Rabada,M Jansen,R Ashwin,0,0,,,,,,"",""
ball,2,55.4,South Africa,K Rabada,M Jansen,R Ashwin,6,0,,,,,,"",""
ball,2,55.5,South Africa,K Rabada,M Jansen,R Ashwin,0,0,,,,,,"",""
ball,2,55.6,South Africa,K Rabada,M Jansen,R Ashwin,0,0,,,,,,"",""
ball,2,56.1,South Africa,M Jansen,K Rabada,SN Thakur,0,0,,,,,,"",""
ball,2,56.2,South Africa,M Jansen,K Rabada,SN Thakur,0,0,,,,,,"",""
ball,2,56.3,South Africa,M Jansen,K Rabada,SN Thakur,4,0,,,,,,"",""
ball,2,56.4,South Africa,M Jansen,K Rabada,SN Thakur,0,0,,,,,,"",""
ball,2,56.5,South Africa,M Jansen,K Rabada,SN Thakur,0,0,,,,,,"",""
ball,2,56.6,South Africa,M Jansen,K Rabada,SN Thakur,0,0,,,,,,lbw,M Jansen
ball,2,57.1,South Africa,K Rabada,KA Maharaj,Mohammed Shami,0,0,,,,,,"",""
ball,2,57.2,South Africa,K Rabada,KA Maharaj,Mohammed Shami,0,0,,,,,,"",""
ball,2,57.3,South Africa,K Rabada,KA Maharaj,Mohammed Shami,1,0,,,,,,"",""
ball,2,57.4,South Africa,KA Maharaj,K Rabada,Mohammed Shami,0,0,,,,,,"",""
ball,2,57.5,South Africa,KA Maharaj,K Rabada,Mohammed Shami,0,0,,,,,,"",""
ball,2,57.6,South Africa,KA Maharaj,K Rabada,Mohammed Shami,0,0,,,,,,"",""
ball,2,58.1,South Africa,K Rabada,KA Maharaj,SN Thakur,1,0,,,,,,"",""
ball,2,58.2,South Africa,KA Maharaj,K Rabada,SN Thakur,0,0,,,,,,"",""
ball,2,58.3,South Africa,KA Maharaj,K Rabada,SN Thakur,0,0,,,,,,"",""
ball,2,58.4,South Africa,KA Maharaj,K Rabada,SN Thakur,0,1,,,,1,,"",""
ball,2,58.5,South Africa,K Rabada,KA Maharaj,SN Thakur,0,0,,,,,,"",""
ball,2,58.6,South Africa,K Rabada,KA Maharaj,SN Thakur,0,0,,,,,,"",""
ball,2,59.1,South Africa,KA Maharaj,K Rabada,Mohammed Shami,0,0,,,,,,"",""
ball,2,59.2,South Africa,KA Maharaj,K Rabada,Mohammed Shami,4,0,,,,,,"",""
ball,2,59.3,South Africa,KA Maharaj,K Rabada,Mohammed Shami,4,0,,,,,,"",""
ball,2,59.4,South Africa,KA Maharaj,K Rabada,Mohammed Shami,0,0,,,,,,"",""
ball,2,59.5,South Africa,KA Maharaj,K Rabada,Mohammed Shami,0,0,,,,,,"",""
ball,2,59.6,South Africa,KA Maharaj,K Rabada,Mohammed Shami,0,0,,,,,,"",""
ball,2,60.1,South Africa,K Rabada,KA Maharaj,JJ Bumrah,0,0,,,,,,"",""
ball,2,60.2,South Africa,K Rabada,KA Maharaj,JJ Bumrah,0,1,,,,1,,"",""
ball,2,60.3,South Africa,KA Maharaj,K Rabada,JJ Bumrah,0,0,,,,,,"",""
ball,2,60.4,South Africa,KA Maharaj,K Rabada,JJ Bumrah,0,0,,,,,,"",""
ball,2,60.5,South Africa,KA Maharaj,K Rabada,JJ Bumrah,0,0,,,,,,"",""
ball,2,60.6,South Africa,KA Maharaj,K Rabada,JJ Bumrah,0,0,,,,,,"",""
ball,2,61.1,South Africa,K Rabada,KA Maharaj,Mohammed Shami,0,0,,,,,,"",""
ball,2,61.2,South Africa,K Rabada,KA Maharaj,Mohammed Shami,0,0,,,,,,"",""
ball,2,61.3,South Africa,K Rabada,KA Maharaj,Mohammed Shami,0,0,,,,,,"",""
ball,2,61.4,South Africa,K Rabada,KA Maharaj,Mohammed Shami,0,0,,,,,,"",""
ball,2,61.5,South Africa,K Rabada,KA Maharaj,Mohammed Shami,0,0,,,,,,caught,K Rabada
ball,2,61.6,South Africa,L Ngidi,KA Maharaj,Mohammed Shami,0,0,,,,,,"",""
ball,2,62.1,South Africa,KA Maharaj,L Ngidi,JJ Bumrah,0,0,,,,,,"",""
ball,2,62.2,South Africa,KA Maharaj,L Ngidi,JJ Bumrah,4,0,,,,,,"",""
ball,2,62.3,South Africa,KA Maharaj,L Ngidi,JJ Bumrah,0,0,,,,,,caught,KA Maharaj
ball,3,0.1,India,KL Rahul,MA Agarwal,K Rabada,1,1,,1,,,,"",""
ball,3,0.2,India,MA Agarwal,KL Rahul,K Rabada,0,0,,,,,,"",""
ball,3,0.3,India,MA Agarwal,KL Rahul,K Rabada,0,0,,,,,,"",""
ball,3,0.4,India,MA Agarwal,KL Rahul,K Rabada,0,0,,,,,,"",""
ball,3,0.5,India,MA Agarwal,KL Rahul,K Rabada,0,0,,,,,,"",""
ball,3,0.6,India,MA Agarwal,KL Rahul,K Rabada,0,0,,,,,,"",""
ball,3,0.7,India,MA Agarwal,KL Rahul,K Rabada,0,0,,,,,,"",""
ball,3,1.1,India,KL Rahul,MA Agarwal,L Ngidi,0,0,,,,,,"",""
ball,3,1.2,India,KL Rahul,MA Agarwal,L Ngidi,0,0,,,,,,"",""
ball,3,1.3,India,KL Rahul,MA Agarwal,L Ngidi,0,0,,,,,,"",""
ball,3,1.4,India,KL Rahul,MA Agarwal,L Ngidi,4,0,,,,,,"",""
ball,3,1.5,India,KL Rahul,MA Agarwal,L Ngidi,0,0,,,,,,"",""
ball,3,1.6,India,KL Rahul,MA Agarwal,L Ngidi,0,0,,,,,,"",""
ball,3,2.1,India,MA Agarwal,KL Rahul,K Rabada,0,0,,,,,,"",""
ball,3,2.2,India,MA Agarwal,KL Rahul,K Rabada,0,0,,,,,,"",""
ball,3,2.3,India,MA Agarwal,KL Rahul,K Rabada,0,0,,,,,,"",""
ball,3,2.4,India,MA Agarwal,KL Rahul,K Rabada,0,0,,,,,,"",""
ball,3,2.5,India,MA Agarwal,KL Rahul,K Rabada,4,0,,,,,,"",""
ball,3,2.6,India,MA Agarwal,KL Rahul,K Rabada,0,0,,,,,,"",""
ball,3,3.1,India,KL Rahul,MA Agarwal,L Ngidi,0,0,,,,,,"",""
ball,3,3.2,India,KL Rahul,MA Agarwal,L Ngidi,0,0,,,,,,"",""
ball,3,3.3,India,KL Rahul,MA Agarwal,L Ngidi,0,0,,,,,,"",""
ball,3,3.4,India,KL Rahul,MA Agarwal,L Ngidi,0,0,,,,,,"",""
ball,3,3.5,India,KL Rahul,MA Agarwal,L Ngidi,0,0,,,,,,"",""
ball,3,3.6,India,KL Rahul,MA Agarwal,L Ngidi,0,0,,,,,,"",""
ball,3,4.1,India,MA Agarwal,KL Rahul,K Rabada,0,2,,1,1,,,"",""
ball,3,4.2,India,KL Rahul,MA Agarwal,K Rabada,0,0,,,,,,"",""
ball,3,4.3,India,KL Rahul,MA Agarwal,K Rabada,0,0,,,,,,"",""
ball,3,4.4,India,KL Rahul,MA Agarwal,K Rabada,0,0,,,,,,"",""
ball,3,4.5,India,KL Rahul,MA Agarwal,K Rabada,0,0,,,,,,"",""
ball,3,4.6,India,KL Rahul,MA Agarwal,K Rabada,0,0,,,,,,"",""
ball,3,4.7,India,KL Rahul,MA Agarwal,K Rabada,0,0,,,,,,"",""
ball,3,5.1,India,MA Agarwal,KL Rahul,M Jansen,0,0,,,,,,caught,MA Agarwal
ball,3,5.2,India,SN Thakur,KL Rahul,M Jansen,0,0,,,,,,"",""
ball,3,5.3,India,SN Thakur,KL Rahul,M Jansen,0,0,,,,,,"",""
ball,3,5.4,India,SN Thakur,KL Rahul,M Jansen,0,0,,,,,,"",""
ball,3,5.5,India,SN Thakur,KL Rahul,M Jansen,0,0,,,,,,"",""
ball,3,5.6,India,SN Thakur,KL Rahul,M Jansen,4,0,,,,,,"",""
ball,3,6.1,India,KL Rahul,SN Thakur,K Rabada,0,0,,,,,,"",""
ball,3,6.2,India,KL Rahul,SN Thakur,K Rabada,2,0,,,,,,"",""
ball,3,6.3,India,KL Rahul,SN Thakur,K Rabada,0,0,,,,,,"",""
ball,3,6.4,India,KL Rahul,SN Thakur,K Rabada,0,0,,,,,,"",""
ball,3,6.5,India,KL Rahul,SN Thakur,K Rabada,4,0,,,,,,"",""
ball,3,6.6,India,KL Rahul,SN Thakur,K Rabada,0,0,,,,,,"",""
ball,3,7.1,India,SN Thakur,KL Rahul,M Jansen,0,0,,,,,,"",""
ball,3,7.2,India,SN Thakur,KL Rahul,M Jansen,0,0,,,,,,"",""
ball,3,7.3,India,SN Thakur,KL Rahul,M Jansen,0,0,,,,,,"",""
ball,3,7.4,India,SN Thakur,KL Rahul,M Jansen,0,0,,,,,,"",""
ball,3,7.5,India,SN Thakur,KL Rahul,M Jansen,0,0,,,,,,"",""
ball,3,7.6,India,SN Thakur,KL Rahul,M Jansen,0,0,,,,,,"",""
ball,3,8.1,India,KL Rahul,SN Thakur,K Rabada,0,0,,,,,,"",""
ball,3,8.2,India,KL Rahul,SN Thakur,K Rabada,0,0,,,,,,"",""
ball,3,8.3,India,KL Rahul,SN Thakur,K Rabada,0,0,,,,,,"",""
ball,3,8.4,India,KL Rahul,SN Thakur,K Rabada,0,0,,,,,,"",""
ball,3,8.5,India,KL Rahul,SN Thakur,K Rabada,0,0,,,,,,"",""
ball,3,8.6,India,KL Rahul,SN Thakur,K Rabada,0,0,,,,,,"",""
ball,3,9.1,India,SN Thakur,KL Rahul,M Jansen,0,0,,,,,,"",""
ball,3,9.2,India,SN Thakur,KL Rahul,M Jansen,6,0,,,,,,"",""
ball,3,9.3,India,SN Thakur,KL Rahul,M Jansen,0,0,,,,,,"",""
ball,3,9.4,India,SN Thakur,KL Rahul,M Jansen,0,0,,,,,,"",""
ball,3,9.5,India,SN Thakur,KL Rahul,M Jansen,0,0,,,,,,"",""
ball,3,9.6,India,SN Thakur,KL Rahul,M Jansen,0,0,,,,,,"",""
ball,3,10.1,India,KL Rahul,SN Thakur,K Rabada,0,0,,,,,,"",""
ball,3,10.2,India,KL Rahul,SN Thakur,K Rabada,0,1,,1,,,,"",""
ball,3,10.3,India,KL Rahul,SN Thakur,K Rabada,0,1,,,,1,,"",""
ball,3,10.4,India,SN Thakur,KL Rahul,K Rabada,0,0,,,,,,"",""
ball,3,10.5,India,SN Thakur,KL Rahul,K Rabada,0,0,,,,,,"",""
ball,3,10.6,India,SN Thakur,KL Rahul,K Rabada,0,0,,,,,,"",""
ball,3,10.7,India,SN Thakur,KL Rahul,K Rabada,0,0,,,,,,"",""
ball,3,11.1,India,KL Rahul,SN Thakur,M Jansen,0,0,,,,,,"",""
ball,3,11.2,India,KL Rahul,SN Thakur,M Jansen,0,0,,,,,,"",""
ball,3,11.3,India,KL Rahul,SN Thakur,M Jansen,0,0,,,,,,"",""
ball,3,11.4,India,KL Rahul,SN Thakur,M Jansen,0,0,,,,,,"",""
ball,3,11.5,India,KL Rahul,SN Thakur,M Jansen,0,0,,,,,,"",""
ball,3,11.6,India,KL Rahul,SN Thakur,M Jansen,0,0,,,,,,"",""
ball,3,12.1,India,SN Thakur,KL Rahul,K Rabada,0,4,,,4,,,"",""
ball,3,12.2,India,SN Thakur,KL Rahul,K Rabada,0,0,,,,,,"",""
ball,3,12.3,India,SN Thakur,KL Rahul,K Rabada,0,0,,,,,,"",""
ball,3,12.4,India,SN Thakur,KL Rahul,K Rabada,0,0,,,,,,"",""
ball,3,12.5,India,SN Thakur,KL Rahul,K Rabada,0,0,,,,,,caught,SN Thakur
ball,3,12.6,India,CA Pujara,KL Rahul,K Rabada,0,0,,,,,,"",""
ball,3,13.1,India,KL Rahul,CA Pujara,M Jansen,0,0,,,,,,"",""
ball,3,13.2,India,KL Rahul,CA Pujara,M Jansen,0,0,,,,,,"",""
ball,3,13.3,India,KL Rahul,CA Pujara,M Jansen,0,0,,,,,,"",""
ball,3,13.4,India,KL Rahul,CA Pujara,M Jansen,0,0,,,,,,"",""
ball,3,13.5,India,KL Rahul,CA Pujara,M Jansen,0,0,,,,,,"",""
ball,3,13.6,India,KL Rahul,CA Pujara,M Jansen,0,0,,,,,,"",""
ball,3,14.1,India,CA Pujara,KL Rahul,K Rabada,0,0,,,,,,"",""
ball,3,14.2,India,CA Pujara,KL Rahul,K Rabada,0,0,,,,,,"",""
ball,3,14.3,India,CA Pujara,KL Rahul,K Rabada,0,0,,,,,,"",""
ball,3,14.4,India,CA Pujara,KL Rahul,K Rabada,0,1,,1,,,,"",""
ball,3,14.5,India,CA Pujara,KL Rahul,K Rabada,0,0,,,,,,"",""
ball,3,14.6,India,CA Pujara,KL Rahul,K Rabada,0,0,,,,,,"",""
ball,3,14.7,India,CA Pujara,KL Rahul,K Rabada,0,0,,,,,,"",""
ball,3,15.1,India,KL Rahul,CA Pujara,M Jansen,0,0,,,,,,"",""
ball,3,15.2,India,KL Rahul,CA Pujara,M Jansen,0,0,,,,,,"",""
ball,3,15.3,India,KL Rahul,CA Pujara,M Jansen,0,0,,,,,,"",""
ball,3,15.4,India,KL Rahul,CA Pujara,M Jansen,0,0,,,,,,"",""
ball,3,15.5,India,KL Rahul,CA Pujara,M Jansen,0,0,,,,,,"",""
ball,3,15.6,India,KL Rahul,CA Pujara,M Jansen,4,0,,,,,,"",""
ball,3,16.1,India,CA Pujara,KL Rahul,L Ngidi,4,0,,,,,,"",""
ball,3,16.2,India,CA Pujara,KL Rahul,L Ngidi,0,0,,,,,,"",""
ball,3,16.3,India,CA Pujara,KL Rahul,L Ngidi,0,0,,,,,,"",""
ball,3,16.4,India,CA Pujara,KL Rahul,L Ngidi,2,0,,,,,,"",""
ball,3,16.5,India,CA Pujara,KL Rahul,L Ngidi,0,0,,,,,,"",""
ball,3,16.6,India,CA Pujara,KL Rahul,L Ngidi,0,0,,,,,,"",""
ball,3,17.1,India,KL Rahul,CA Pujara,M Jansen,0,0,,,,,,"",""
ball,3,17.2,India,KL Rahul,CA Pujara,M Jansen,0,0,,,,,,"",""
ball,3,17.3,India,KL Rahul,CA Pujara,M Jansen,0,0,,,,,,"",""
ball,3,17.4,India,KL Rahul,CA Pujara,M Jansen,0,0,,,,,,"",""
ball,3,17.5,India,KL Rahul,CA Pujara,M Jansen,0,0,,,,,,"",""
ball,3,17.6,India,KL Rahul,CA Pujara,M Jansen,0,0,,,,,,"",""
ball,3,18.1,India,CA Pujara,KL Rahul,L Ngidi,1,0,,,,,,"",""
ball,3,18.2,India,KL Rahul,CA Pujara,L Ngidi,0,0,,,,,,"",""
ball,3,18.3,India,KL Rahul,CA Pujara,L Ngidi,4,0,,,,,,"",""
ball,3,18.4,India,KL Rahul,CA Pujara,L Ngidi,0,0,,,,,,"",""
ball,3,18.5,India,KL Rahul,CA Pujara,L Ngidi,0,0,,,,,,"",""
ball,3,18.6,India,KL Rahul,CA Pujara,L Ngidi,0,0,,,,,,"",""
ball,3,19.1,India,CA Pujara,KL Rahul,PWA Mulder,0,0,,,,,,"",""
ball,3,19.2,India,CA Pujara,KL Rahul,PWA Mulder,0,0,,,,,,"",""
ball,3,19.3,India,CA Pujara,KL Rahul,PWA Mulder,0,0,,,,,,"",""
ball,3,19.4,India,CA Pujara,KL Rahul,PWA Mulder,0,0,,,,,,"",""
ball,3,19.5,India,CA Pujara,KL Rahul,PWA Mulder,0,0,,,,,,"",""
ball,3,19.6,India,CA Pujara,KL Rahul,PWA Mulder,0,0,,,,,,"",""
ball,3,20.1,India,KL Rahul,CA Pujara,L Ngidi,0,0,,,,,,"",""
ball,3,20.2,India,KL Rahul,CA Pujara,L Ngidi,3,0,,,,,,"",""
ball,3,20.3,India,CA Pujara,KL Rahul,L Ngidi,0,0,,,,,,"",""
ball,3,20.4,India,CA Pujara,KL Rahul,L Ngidi,0,0,,,,,,"",""
ball,3,20.5,India,CA Pujara,KL Rahul,L Ngidi,0,0,,,,,,"",""
ball,3,20.6,India,CA Pujara,KL Rahul,L Ngidi,0,0,,,,,,"",""
ball,3,21.1,India,KL Rahul,CA Pujara,PWA Mulder,0,0,,,,,,"",""
ball,3,21.2,India,KL Rahul,CA Pujara,PWA Mulder,0,0,,,,,,"",""
ball,3,21.3,India,KL Rahul,CA Pujara,PWA Mulder,0,0,,,,,,"",""
ball,3,21.4,India,KL Rahul,CA Pujara,PWA Mulder,0,0,,,,,,"",""
ball,3,21.5,India,KL Rahul,CA Pujara,PWA Mulder,0,0,,,,,,"",""
ball,3,21.6,India,KL Rahul,CA Pujara,PWA Mulder,1,0,,,,,,"",""
ball,3,22.1,India,KL Rahul,CA Pujara,L Ngidi,0,0,,,,,,"",""
ball,3,22.2,India,KL Rahul,CA Pujara,L Ngidi,0,0,,,,,,"",""
ball,3,22.3,India,KL Rahul,CA Pujara,L Ngidi,0,0,,,,,,caught,KL Rahul
ball,3,22.4,India,V Kohli,CA Pujara,L Ngidi,0,0,,,,,,"",""
ball,3,22.5,India,V Kohli,CA Pujara,L Ngidi,0,0,,,,,,"",""
ball,3,22.6,India,V Kohli,CA Pujara,L Ngidi,0,0,,,,,,"",""
ball,3,23.1,India,CA Pujara,V Kohli,PWA Mulder,0,0,,,,,,"",""
ball,3,23.2,India,CA Pujara,V Kohli,PWA Mulder,0,0,,,,,,"",""
ball,3,23.3,India,CA Pujara,V Kohli,PWA Mulder,0,0,,,,,,"",""
ball,3,23.4,India,CA Pujara,V Kohli,PWA Mulder,0,0,,,,,,"",""
ball,3,23.5,India,CA Pujara,V Kohli,PWA Mulder,0,0,,,,,,"",""
ball,3,23.6,India,CA Pujara,V Kohli,PWA Mulder,0,0,,,,,,"",""
ball,3,24.1,India,V Kohli,CA Pujara,L Ngidi,4,0,,,,,,"",""
ball,3,24.2,India,V Kohli,CA Pujara,L Ngidi,0,0,,,,,,"",""
ball,3,24.3,India,V Kohli,CA Pujara,L Ngidi,0,0,,,,,,"",""
ball,3,24.4,India,V Kohli,CA Pujara,L Ngidi,0,0,,,,,,"",""
ball,3,24.5,India,V Kohli,CA Pujara,L Ngidi,0,0,,,,,,"",""
ball,3,24.6,India,V Kohli,CA Pujara,L Ngidi,2,0,,,,,,"",""
ball,3,25.1,India,CA Pujara,V Kohli,PWA Mulder,0,0,,,,,,"",""
ball,3,25.2,India,CA Pujara,V Kohli,PWA Mulder,1,0,,,,,,"",""
ball,3,25.3,India,V Kohli,CA Pujara,PWA Mulder,0,0,,,,,,"",""
ball,3,25.4,India,V Kohli,CA Pujara,PWA Mulder,4,0,,,,,,"",""
ball,3,25.5,India,V Kohli,CA Pujara,PWA Mulder,0,0,,,,,,"",""
ball,3,25.6,India,V Kohli,CA Pujara,PWA Mulder,0,0,,,,,,"",""
ball,3,26.1,India,CA Pujara,V Kohli,K Rabada,0,0,,,,,,"",""
ball,3,26.2,India,CA Pujara,V Kohli,K Rabada,0,0,,,,,,"",""
ball,3,26.3,India,CA Pujara,V Kohli,K Rabada,0,0,,,,,,"",""
ball,3,26.4,India,CA Pujara,V Kohli,K Rabada,0,0,,,,,,"",""
ball,3,26.5,India,CA Pujara,V Kohli,K Rabada,0,0,,,,,,"",""
ball,3,26.6,India,CA Pujara,V Kohli,K Rabada,0,0,,,,,,"",""
ball,3,27.1,India,V Kohli,CA Pujara,PWA Mulder,0,0,,,,,,"",""
ball,3,27.2,India,V Kohli,CA Pujara,PWA Mulder,0,0,,,,,,"",""
ball,3,27.3,India,V Kohli,CA Pujara,PWA Mulder,0,0,,,,,,"",""
ball,3,27.4,India,V Kohli,CA Pujara,PWA Mulder,0,0,,,,,,"",""
ball,3,27.5,India,V Kohli,CA Pujara,PWA Mulder,0,1,,,,1,,"",""
ball,3,27.6,India,CA Pujara,V Kohli,PWA Mulder,0,0,,,,,,"",""
ball,3,28.1,India,V Kohli,CA Pujara,K Rabada,0,0,,,,,,"",""
ball,3,28.2,India,V Kohli,CA Pujara,K Rabada,0,0,,,,,,"",""
ball,3,28.3,India,V Kohli,CA Pujara,K Rabada,0,0,,,,,,"",""
ball,3,28.4,India,V Kohli,CA Pujara,K Rabada,0,0,,,,,,"",""
ball,3,28.5,India,V Kohli,CA Pujara,K Rabada,4,1,,1,,,,"",""
ball,3,28.6,India,V Kohli,CA Pujara,K Rabada,0,0,,,,,,"",""
ball,3,28.7,India,V Kohli,CA Pujara,K Rabada,0,0,,,,,,"",""
ball,3,29.1,India,CA Pujara,V Kohli,PWA Mulder,0,0,,,,,,"",""
ball,3,29.2,India,CA Pujara,V Kohli,PWA Mulder,0,0,,,,,,"",""
ball,3,29.3,India,CA Pujara,V Kohli,PWA Mulder,0,0,,,,,,"",""
ball,3,29.4,India,CA Pujara,V Kohli,PWA Mulder,0,0,,,,,,"",""
ball,3,29.5,India,CA Pujara,V Kohli,PWA Mulder,4,0,,,,,,"",""
ball,3,29.6,India,CA Pujara,V Kohli,PWA Mulder,0,0,,,,,,"",""
ball,3,30.1,India,V Kohli,CA Pujara,K Rabada,0,0,,,,,,"",""
ball,3,30.2,India,V Kohli,CA Pujara,K Rabada,0,0,,,,,,"",""
ball,3,30.3,India,V Kohli,CA Pujara,K Rabada,0,0,,,,,,"",""
ball,3,30.4,India,V Kohli,CA Pujara,K Rabada,0,0,,,,,,"",""
ball,3,30.5,India,V Kohli,CA Pujara,K Rabada,4,0,,,,,,"",""
ball,3,30.6,India,V Kohli,CA Pujara,K Rabada,0,0,,,,,,"",""
ball,3,31.1,India,CA Pujara,V Kohli,PWA Mulder,0,0,,,,,,"",""
ball,3,31.2,India,CA Pujara,V Kohli,PWA Mulder,0,0,,,,,,"",""
ball,3,31.3,India,CA Pujara,V Kohli,PWA Mulder,0,0,,,,,,"",""
ball,3,31.4,India,CA Pujara,V Kohli,PWA Mulder,0,0,,,,,,"",""
ball,3,31.5,India,CA Pujara,V Kohli,PWA Mulder,0,0,,,,,,"",""
ball,3,31.6,India,CA Pujara,V Kohli,PWA Mulder,0,0,,,,,,"",""
ball,3,32.1,India,V Kohli,CA Pujara,M Jansen,0,0,,,,,,caught,V Kohli
ball,3,32.2,India,AM Rahane,CA Pujara,M Jansen,0,0,,,,,,"",""
ball,3,32.3,India,AM Rahane,CA Pujara,M Jansen,0,0,,,,,,"",""
ball,3,32.4,India,AM Rahane,CA Pujara,M Jansen,1,0,,,,,,"",""
ball,3,32.5,India,CA Pujara,AM Rahane,M Jansen,0,0,,,,,,"",""
ball,3,32.6,India,CA Pujara,AM Rahane,M Jansen,0,0,,,,,,"",""
ball,3,33.1,India,AM Rahane,CA Pujara,L Ngidi,0,0,,,,,,"",""
ball,3,33.2,India,AM Rahane,CA Pujara,L Ngidi,0,0,,,,,,"",""
ball,3,33.3,India,AM Rahane,CA Pujara,L Ngidi,4,0,,,,,,"",""
ball,3,33.4,India,AM Rahane,CA Pujara,L Ngidi,0,0,,,,,,"",""
ball,3,33.5,India,AM Rahane,CA Pujara,L Ngidi,0,0,,,,,,"",""
ball,3,33.6,India,AM Rahane,CA Pujara,L Ngidi,0,0,,,,,,"",""
ball,3,34.1,India,CA Pujara,AM Rahane,M Jansen,0,4,,,4,,,"",""
ball,3,34.2,India,CA Pujara,AM Rahane,M Jansen,0,0,,,,,,"",""
ball,3,34.3,India,CA Pujara,AM Rahane,M Jansen,4,0,,,,,,"",""
ball,3,34.4,India,CA Pujara,AM Rahane,M Jansen,0,0,,,,,,"",""
ball,3,34.5,India,CA Pujara,AM Rahane,M Jansen,0,0,,,,,,"",""
ball,3,34.6,India,CA Pujara,AM Rahane,M Jansen,0,0,,,,,,"",""
ball,3,35.1,India,AM Rahane,CA Pujara,L Ngidi,0,2,,,,2,,"",""
ball,3,35.2,India,AM Rahane,CA Pujara,L Ngidi,0,0,,,,,,"",""
ball,3,35.3,India,AM Rahane,CA Pujara,L Ngidi,1,0,,,,,,"",""
ball,3,35.4,India,CA Pujara,AM Rahane,L Ngidi,0,0,,,,,,"",""
ball,3,35.5,India,CA Pujara,AM Rahane,L Ngidi,0,0,,,,,,"",""
ball,3,35.6,India,CA Pujara,AM Rahane,L Ngidi,0,0,,,,,,"",""
ball,3,36.1,India,AM Rahane,CA Pujara,M Jansen,0,0,,,,,,"",""
ball,3,36.2,India,AM Rahane,CA Pujara,M Jansen,0,0,,,,,,"",""
ball,3,36.3,India,AM Rahane,CA Pujara,M Jansen,4,0,,,,,,"",""
ball,3,36.4,India,AM Rahane,CA Pujara,M Jansen,6,0,,,,,,"",""
ball,3,36.5,India,AM Rahane,CA Pujara,M Jansen,4,0,,,,,,"",""
ball,3,36.6,India,AM Rahane,CA Pujara,M Jansen,0,0,,,,,,"",""
ball,3,37.1,India,CA Pujara,AM Rahane,L Ngidi,0,0,,,,,,caught,CA Pujara
ball,3,37.2,India,RR Pant,AM Rahane,L Ngidi,0,0,,,,,,"",""
ball,3,37.3,India,RR Pant,AM Rahane,L Ngidi,2,0,,,,,,"",""
ball,3,37.4,India,RR Pant,AM Rahane,L Ngidi,0,0,,,,,,"",""
ball,3,37.5,India,RR Pant,AM Rahane,L Ngidi,0,0,,,,,,"",""
ball,3,37.6,India,RR Pant,AM Rahane,L Ngidi,0,0,,,,,,"",""
ball,3,38.1,India,AM Rahane,RR Pant,M Jansen,0,0,,,,,,"",""
ball,3,38.2,India,AM Rahane,RR Pant,M Jansen,0,0,,,,,,"",""
ball,3,38.3,India,AM Rahane,RR Pant,M Jansen,0,0,,,,,,"",""
ball,3,38.4,India,AM Rahane,RR Pant,M Jansen,0,0,,,,,,"",""
ball,3,38.5,India,AM Rahane,RR Pant,M Jansen,0,0,,,,,,caught,AM Rahane
ball,3,38.6,India,R Ashwin,RR Pant,M Jansen,4,0,,,,,,"",""
ball,3,39.1,India,RR Pant,R Ashwin,K Rabada,0,0,,,,,,"",""
ball,3,39.2,India,RR Pant,R Ashwin,K Rabada,0,0,,,,,,"",""
ball,3,39.3,India,RR Pant,R Ashwin,K Rabada,4,0,,,,,,"",""
ball,3,39.4,India,RR Pant,R Ashwin,K Rabada,0,0,,,,,,"",""
ball,3,39.5,India,RR Pant,R Ashwin,K Rabada,0,0,,,,,,"",""
ball,3,39.6,India,RR Pant,R Ashwin,K Rabada,0,0,,,,,,"",""
ball,3,40.1,India,R Ashwin,RR Pant,M Jansen,3,0,,,,,,"",""
ball,3,40.2,India,RR Pant,R Ashwin,M Jansen,4,0,,,,,,"",""
ball,3,40.3,India,RR Pant,R Ashwin,M Jansen,0,0,,,,,,"",""
ball,3,40.4,India,RR Pant,R Ashwin,M Jansen,4,0,,,,,,"",""
ball,3,40.5,India,RR Pant,R Ashwin,M Jansen,0,0,,,,,,"",""
ball,3,40.6,India,RR Pant,R Ashwin,M Jansen,1,0,,,,,,"",""
ball,3,41.1,India,RR Pant,R Ashwin,K Rabada,0,0,,,,,,"",""
ball,3,41.2,India,RR Pant,R Ashwin,K Rabada,0,0,,,,,,"",""
ball,3,41.3,India,RR Pant,R Ashwin,K Rabada,0,0,,,,,,"",""
ball,3,41.4,India,RR Pant,R Ashwin,K Rabada,1,0,,,,,,"",""
ball,3,41.5,India,R Ashwin,RR Pant,K Rabada,1,0,,,,,,"",""
ball,3,41.6,India,RR Pant,R Ashwin,K Rabada,0,0,,,,,,"",""
ball,3,42.1,India,R Ashwin,RR Pant,PWA Mulder,0,0,,,,,,"",""
ball,3,42.2,India,R Ashwin,RR Pant,PWA Mulder,0,0,,,,,,"",""
ball,3,42.3,India,R Ashwin,RR Pant,PWA Mulder,0,0,,,,,,"",""
ball,3,42.4,India,R Ashwin,RR Pant,PWA Mulder,0,0,,,,,,"",""
ball,3,42.5,India,R Ashwin,RR Pant,PWA Mulder,4,0,,,,,,"",""
ball,3,42.6,India,R Ashwin,RR Pant,PWA Mulder,0,0,,,,,,"",""
ball,3,43.1,India,RR Pant,R Ashwin,K Rabada,1,0,,,,,,"",""
ball,3,43.2,India,R Ashwin,RR Pant,K Rabada,0,0,,,,,,"",""
ball,3,43.3,India,R Ashwin,RR Pant,K Rabada,1,0,,,,,,"",""
ball,3,43.4,India,RR Pant,R Ashwin,K Rabada,1,0,,,,,,"",""
ball,3,43.5,India,R Ashwin,RR Pant,K Rabada,0,0,,,,,,"",""
ball,3,43.6,India,R Ashwin,RR Pant,K Rabada,0,4,,,4,,,"",""
ball,3,44.1,India,RR Pant,R Ashwin,PWA Mulder,1,0,,,,,,"",""
ball,3,44.2,India,R Ashwin,RR Pant,PWA Mulder,0,0,,,,,,"",""
ball,3,44.3,India,R Ashwin,RR Pant,PWA Mulder,0,0,,,,,,"",""
ball,3,44.4,India,R Ashwin,RR Pant,PWA Mulder,1,0,,,,,,"",""
ball,3,44.5,India,RR Pant,R Ashwin,PWA Mulder,0,0,,,,,,"",""
ball,3,44.6,India,RR Pant,R Ashwin,PWA Mulder,0,0,,,,,,"",""
ball,3,45.1,India,R Ashwin,RR Pant,K Rabada,0,0,,,,,,caught,R Ashwin
ball,3,45.2,India,Mohammed Shami,RR Pant,K Rabada,0,5,,1,4,,,"",""
ball,3,45.3,India,Mohammed Shami,RR Pant,K Rabada,0,0,,,,,,"",""
ball,3,45.4,India,Mohammed Shami,RR Pant,K Rabada,0,0,,,,,,"",""
ball,3,45.5,India,Mohammed Shami,RR Pant,K Rabada,0,0,,,,,,"",""
ball,3,45.6,India,Mohammed Shami,RR Pant,K Rabada,0,0,,,,,,"",""
ball,3,45.7,India,Mohammed Shami,RR Pant,K Rabada,0,0,,,,,,"",""
ball,3,46.1,India,RR Pant,Mohammed Shami,PWA Mulder,0,0,,,,,,"",""
ball,3,46.2,India,RR Pant,Mohammed Shami,PWA Mulder,4,0,,,,,,"",""
ball,3,46.3,India,RR Pant,Mohammed Shami,PWA Mulder,4,0,,,,,,"",""
ball,3,46.4,India,RR Pant,Mohammed Shami,PWA Mulder,0,0,,,,,,"",""
ball,3,46.5,India,RR Pant,Mohammed Shami,PWA Mulder,1,0,,,,,,"",""
ball,3,46.6,India,Mohammed Shami,RR Pant,PWA Mulder,0,0,,,,,,"",""
ball,3,47.1,India,RR Pant,Mohammed Shami,K Rabada,2,0,,,,,,"",""
ball,3,47.2,India,RR Pant,Mohammed Shami,K Rabada,4,0,,,,,,"",""
ball,3,47.3,India,RR Pant,Mohammed Shami,K Rabada,0,0,,,,,,caught,RR Pant
ball,3,47.4,India,JJ Bumrah,Mohammed Shami,K Rabada,0,0,,,,,,"",""
ball,3,47.5,India,JJ Bumrah,Mohammed Shami,K Rabada,0,0,,,,,,"",""
ball,3,47.6,India,JJ Bumrah,Mohammed Shami,K Rabada,2,0,,,,,,"",""
ball,3,48.1,India,Mohammed Shami,JJ Bumrah,M Jansen,0,0,,,,,,"",""
ball,3,48.2,India,Mohammed Shami,JJ Bumrah,M Jansen,0,0,,,,,,"",""
ball,3,48.3,India,Mohammed Shami,JJ Bumrah,M Jansen,1,0,,,,,,"",""
ball,3,48.4,India,JJ Bumrah,Mohammed Shami,M Jansen,0,0,,,,,,"",""
ball,3,48.5,India,JJ Bumrah,Mohammed Shami,M Jansen,0,0,,,,,,"",""
ball,3,48.6,India,JJ Bumrah,Mohammed Shami,M Jansen,0,0,,,,,,"",""
ball,3,49.1,India,Mohammed Shami,JJ Bumrah,K Rabada,0,0,,,,,,"",""
ball,3,49.2,India,Mohammed Shami,JJ Bumrah,K Rabada,0,0,,,,,,caught,Mohammed Shami
ball,3,49.3,India,Mohammed Siraj,JJ Bumrah,K Rabada,0,0,,,,,,"",""
ball,3,49.4,India,Mohammed Siraj,JJ Bumrah,K Rabada,0,0,,,,,,"",""
ball,3,49.5,India,Mohammed Siraj,JJ Bumrah,K Rabada,0,0,,,,,,"",""
ball,3,49.6,India,Mohammed Siraj,JJ Bumrah,K Rabada,0,0,,,,,,"",""
ball,3,50.1,India,JJ Bumrah,Mohammed Siraj,M Jansen,4,0,,,,,,"",""
ball,3,50.2,India,JJ Bumrah,Mohammed Siraj,M Jansen,1,0,,,,,,"",""
ball,3,50.3,India,Mohammed Siraj,JJ Bumrah,M Jansen,0,0,,,,,,bowled,Mohammed Siraj
ball,4,0.1,South Africa,AK Markram,D Elgar,JJ Bumrah,0,0,,,,,,"",""
ball,4,0.2,South Africa,AK Markram,D Elgar,JJ Bumrah,0,0,,,,,,"",""
ball,4,0.3,South Africa,AK Markram,D Elgar,JJ Bumrah,0,0,,,,,,"",""
ball,4,0.4,South Africa,AK Markram,D Elgar,JJ Bumrah,1,0,,,,,,"",""
ball,4,0.5,South Africa,D Elgar,AK Markram,JJ Bumrah,0,0,,,,,,"",""
ball,4,0.6,South Africa,D Elgar,AK Markram,JJ Bumrah,0,0,,,,,,"",""
ball,4,1.1,South Africa,AK Markram,D Elgar,Mohammed Shami,0,0,,,,,,"",""
ball,4,1.2,South Africa,AK Markram,D Elgar,Mohammed Shami,0,0,,,,,,"",""
ball,4,1.3,South Africa,AK Markram,D Elgar,Mohammed Shami,0,0,,,,,,bowled,AK Markram
ball,4,1.4,South Africa,KD Petersen,D Elgar,Mohammed Shami,0,0,,,,,,"",""
ball,4,1.5,South Africa,KD Petersen,D Elgar,Mohammed Shami,0,0,,,,,,"",""
ball,4,1.6,South Africa,KD Petersen,D Elgar,Mohammed Shami,0,0,,,,,,"",""
ball,4,2.1,South Africa,D Elgar,KD Petersen,JJ Bumrah,0,0,,,,,,"",""
ball,4,2.2,South Africa,D Elgar,KD Petersen,JJ Bumrah,0,0,,,,,,"",""
ball,4,2.3,South Africa,D Elgar,KD Petersen,JJ Bumrah,0,0,,,,,,"",""
ball,4,2.4,South Africa,D Elgar,KD Petersen,JJ Bumrah,0,0,,,,,,"",""
ball,4,2.5,South Africa,D Elgar,KD Petersen,JJ Bumrah,2,0,,,,,,"",""
ball,4,2.6,South Africa,D Elgar,KD Petersen,JJ Bumrah,0,0,,,,,,"",""
ball,4,3.1,South Africa,KD Petersen,D Elgar,Mohammed Shami,4,0,,,,,,"",""
ball,4,3.2,South Africa,KD Petersen,D Elgar,Mohammed Shami,0,0,,,,,,"",""
ball,4,3.3,South Africa,KD Petersen,D Elgar,Mohammed Shami,0,0,,,,,,"",""
ball,4,3.4,South Africa,KD Petersen,D Elgar,Mohammed Shami,0,0,,,,,,"",""
ball,4,3.5,South Africa,KD Petersen,D Elgar,Mohammed Shami,0,0,,,,,,"",""
ball,4,3.6,South Africa,KD Petersen,D Elgar,Mohammed Shami,0,0,,,,,,"",""
ball,4,4.1,South Africa,D Elgar,KD Petersen,JJ Bumrah,0,0,,,,,,"",""
ball,4,4.2,South Africa,D Elgar,KD Petersen,JJ Bumrah,4,0,,,,,,"",""
ball,4,4.3,South Africa,D Elgar,KD Petersen,JJ Bumrah,0,0,,,,,,"",""
ball,4,4.4,South Africa,D Elgar,KD Petersen,JJ Bumrah,0,0,,,,,,"",""
ball,4,4.5,South Africa,D Elgar,KD Petersen,JJ Bumrah,0,0,,,,,,"",""
ball,4,4.6,South Africa,D Elgar,KD Petersen,JJ Bumrah,0,0,,,,,,"",""
ball,4,5.1,South Africa,KD Petersen,D Elgar,Mohammed Shami,1,0,,,,,,"",""
ball,4,5.2,South Africa,D Elgar,KD Petersen,Mohammed Shami,1,0,,,,,,"",""
ball,4,5.3,South Africa,KD Petersen,D Elgar,Mohammed Shami,4,0,,,,,,"",""
ball,4,5.4,South Africa,KD Petersen,D Elgar,Mohammed Shami,0,0,,,,,,"",""
ball,4,5.5,South Africa,KD Petersen,D Elgar,Mohammed Shami,0,0,,,,,,"",""
ball,4,5.6,South Africa,KD Petersen,D Elgar,Mohammed Shami,1,0,,,,,,"",""
ball,4,6.1,South Africa,KD Petersen,D Elgar,JJ Bumrah,0,0,,,,,,"",""
ball,4,6.2,South Africa,KD Petersen,D Elgar,JJ Bumrah,0,0,,,,,,"",""
ball,4,6.3,South Africa,KD Petersen,D Elgar,JJ Bumrah,0,0,,,,,,"",""
ball,4,6.4,South Africa,KD Petersen,D Elgar,JJ Bumrah,0,0,,,,,,"",""
ball,4,6.5,South Africa,KD Petersen,D Elgar,JJ Bumrah,0,0,,,,,,"",""
ball,4,6.6,South Africa,KD Petersen,D Elgar,JJ Bumrah,0,0,,,,,,"",""
ball,4,7.1,South Africa,D Elgar,KD Petersen,Mohammed Shami,0,0,,,,,,"",""
ball,4,7.2,South Africa,D Elgar,KD Petersen,Mohammed Shami,0,0,,,,,,"",""
ball,4,7.3,South Africa,D Elgar,KD Petersen,Mohammed Shami,0,0,,,,,,"",""
ball,4,7.4,South Africa,D Elgar,KD Petersen,Mohammed Shami,0,0,,,,,,"",""
ball,4,7.5,South Africa,D Elgar,KD Petersen,Mohammed Shami,1,0,,,,,,"",""
ball,4,7.6,South Africa,KD Petersen,D Elgar,Mohammed Shami,2,0,,,,,,"",""
ball,4,8.1,South Africa,D Elgar,KD Petersen,JJ Bumrah,0,0,,,,,,"",""
ball,4,8.2,South Africa,D Elgar,KD Petersen,JJ Bumrah,1,0,,,,,,"",""
ball,4,8.3,South Africa,KD Petersen,D Elgar,JJ Bumrah,0,0,,,,,,"",""
ball,4,8.4,South Africa,KD Petersen,D Elgar,JJ Bumrah,0,0,,,,,,"",""
ball,4,8.5,South Africa,KD Petersen,D Elgar,JJ Bumrah,0,0,,,,,,"",""
ball,4,8.6,South Africa,KD Petersen,D Elgar,JJ Bumrah,0,0,,,,,,"",""
ball,4,9.1,South Africa,D Elgar,KD Petersen,Mohammed Shami,0,0,,,,,,"",""
ball,4,9.2,South Africa,D Elgar,KD Petersen,Mohammed Shami,4,0,,,,,,"",""
ball,4,9.3,South Africa,D Elgar,KD Petersen,Mohammed Shami,0,0,,,,,,"",""
ball,4,9.4,South Africa,D Elgar,KD Petersen,Mohammed Shami,0,0,,,,,,"",""
ball,4,9.5,South Africa,D Elgar,KD Petersen,Mohammed Shami,0,0,,,,,,"",""
ball,4,9.6,South Africa,D Elgar,KD Petersen,Mohammed Shami,1,0,,,,,,"",""
ball,4,10.1,South Africa,D Elgar,KD Petersen,Mohammed Siraj,0,0,,,,,,"",""
ball,4,10.2,South Africa,D Elgar,KD Petersen,Mohammed Siraj,1,0,,,,,,"",""
ball,4,10.3,South Africa,KD Petersen,D Elgar,Mohammed Siraj,0,0,,,,,,"",""
ball,4,10.4,South Africa,KD Petersen,D Elgar,Mohammed Siraj,0,0,,,,,,"",""
ball,4,10.5,South Africa,KD Petersen,D Elgar,Mohammed Siraj,1,0,,,,,,"",""
ball,4,10.6,South Africa,D Elgar,KD Petersen,Mohammed Siraj,0,0,,,,,,"",""
ball,4,11.1,South Africa,KD Petersen,D Elgar,Mohammed Shami,0,0,,,,,,"",""
ball,4,11.2,South Africa,KD Petersen,D Elgar,Mohammed Shami,0,0,,,,,,"",""
ball,4,11.3,South Africa,KD Petersen,D Elgar,Mohammed Shami,0,0,,,,,,"",""
ball,4,11.4,South Africa,KD Petersen,D Elgar,Mohammed Shami,0,0,,,,,,"",""
ball,4,11.5,South Africa,KD Petersen,D Elgar,Mohammed Shami,0,0,,,,,,"",""
ball,4,11.6,South Africa,KD Petersen,D Elgar,Mohammed Shami,4,0,,,,,,"",""
ball,4,12.1,South Africa,D Elgar,KD Petersen,Mohammed Siraj,0,0,,,,,,"",""
ball,4,12.2,South Africa,D Elgar,KD Petersen,Mohammed Siraj,0,0,,,,,,"",""
ball,4,12.3,South Africa,D Elgar,KD Petersen,Mohammed Siraj,0,0,,,,,,"",""
ball,4,12.4,South Africa,D Elgar,KD Petersen,Mohammed Siraj,0,0,,,,,,"",""
ball,4,12.5,South Africa,D Elgar,KD Petersen,Mohammed Siraj,1,0,,,,,,"",""
ball,4,12.6,South Africa,KD Petersen,D Elgar,Mohammed Siraj,0,0,,,,,,"",""
ball,4,13.1,South Africa,D Elgar,KD Petersen,JJ Bumrah,0,0,,,,,,"",""
ball,4,13.2,South Africa,D Elgar,KD Petersen,JJ Bumrah,0,0,,,,,,"",""
ball,4,13.3,South Africa,D Elgar,KD Petersen,JJ Bumrah,0,0,,,,,,"",""
ball,4,13.4,South Africa,D Elgar,KD Petersen,JJ Bumrah,0,0,,,,,,"",""
ball,4,13.5,South Africa,D Elgar,KD Petersen,JJ Bumrah,0,0,,,,,,"",""
ball,4,13.6,South Africa,D Elgar,KD Petersen,JJ Bumrah,0,0,,,,,,"",""
ball,4,14.1,South Africa,KD Petersen,D Elgar,Mohammed Siraj,0,0,,,,,,caught,KD Petersen
ball,4,14.2,South Africa,HE van der Dussen,D Elgar,Mohammed Siraj,1,0,,,,,,"",""
ball,4,14.3,South Africa,D Elgar,HE van der Dussen,Mohammed Siraj,0,0,,,,,,"",""
ball,4,14.4,South Africa,D Elgar,HE van der Dussen,Mohammed Siraj,0,0,,,,,,"",""
ball,4,14.5,South Africa,D Elgar,HE van der Dussen,Mohammed Siraj,1,0,,,,,,"",""
ball,4,14.6,South Africa,HE van der Dussen,D Elgar,Mohammed Siraj,0,0,,,,,,"",""
ball,4,15.1,South Africa,D Elgar,HE van der Dussen,JJ Bumrah,0,0,,,,,,"",""
ball,4,15.2,South Africa,D Elgar,HE van der Dussen,JJ Bumrah,0,0,,,,,,"",""
ball,4,15.3,South Africa,D Elgar,HE van der Dussen,JJ Bumrah,1,0,,,,,,"",""
ball,4,15.4,South Africa,HE van der Dussen,D Elgar,JJ Bumrah,0,0,,,,,,"",""
ball,4,15.5,South Africa,HE van der Dussen,D Elgar,JJ Bumrah,0,0,,,,,,"",""
ball,4,15.6,South Africa,HE van der Dussen,D Elgar,JJ Bumrah,0,0,,,,,,"",""
ball,4,16.1,South Africa,D Elgar,HE van der Dussen,Mohammed Siraj,2,0,,,,,,"",""
ball,4,16.2,South Africa,D Elgar,HE van der Dussen,Mohammed Siraj,0,0,,,,,,"",""
ball,4,16.3,South Africa,D Elgar,HE van der Dussen,Mohammed Siraj,4,0,,,,,,"",""
ball,4,16.4,South Africa,D Elgar,HE van der Dussen,Mohammed Siraj,0,0,,,,,,"",""
ball,4,16.5,South Africa,D Elgar,HE van der Dussen,Mohammed Siraj,0,0,,,,,,"",""
ball,4,16.6,South Africa,D Elgar,HE van der Dussen,Mohammed Siraj,0,0,,,,,,"",""
ball,4,17.1,South Africa,HE van der Dussen,D Elgar,JJ Bumrah,0,0,,,,,,"",""
ball,4,17.2,South Africa,HE van der Dussen,D Elgar,JJ Bumrah,0,0,,,,,,"",""
ball,4,17.3,South Africa,HE van der Dussen,D Elgar,JJ Bumrah,0,0,,,,,,"",""
ball,4,17.4,South Africa,HE van der Dussen,D Elgar,JJ Bumrah,0,0,,,,,,"",""
ball,4,17.5,South Africa,HE van der Dussen,D Elgar,JJ Bumrah,1,0,,,,,,"",""
ball,4,17.6,South Africa,D Elgar,HE van der Dussen,JJ Bumrah,0,0,,,,,,"",""
ball,4,18.1,South Africa,HE van der Dussen,D Elgar,Mohammed Siraj,1,0,,,,,,"",""
ball,4,18.2,South Africa,D Elgar,HE van der Dussen,Mohammed Siraj,1,0,,,,,,"",""
ball,4,18.3,South Africa,HE van der Dussen,D Elgar,Mohammed Siraj,0,0,,,,,,"",""
ball,4,18.4,South Africa,HE van der Dussen,D Elgar,Mohammed Siraj,0,0,,,,,,"",""
ball,4,18.5,South Africa,HE van der Dussen,D Elgar,Mohammed Siraj,0,0,,,,,,"",""
ball,4,18.6,South Africa,HE van der Dussen,D Elgar,Mohammed Siraj,1,0,,,,,,"",""
ball,4,19.1,South Africa,HE van der Dussen,D Elgar,JJ Bumrah,4,0,,,,,,"",""
ball,4,19.2,South Africa,HE van der Dussen,D Elgar,JJ Bumrah,0,0,,,,,,"",""
ball,4,19.3,South Africa,HE van der Dussen,D Elgar,JJ Bumrah,0,0,,,,,,"",""
ball,4,19.4,South Africa,HE van der Dussen,D Elgar,JJ Bumrah,0,0,,,,,,"",""
ball,4,19.5,South Africa,HE van der Dussen,D Elgar,JJ Bumrah,0,0,,,,,,"",""
ball,4,19.6,South Africa,HE van der Dussen,D Elgar,JJ Bumrah,0,0,,,,,,"",""
ball,4,20.1,South Africa,D Elgar,HE van der Dussen,Mohammed Siraj,0,0,,,,,,"",""
ball,4,20.2,South Africa,D Elgar,HE van der Dussen,Mohammed Siraj,0,0,,,,,,"",""
ball,4,20.3,South Africa,D Elgar,HE van der Dussen,Mohammed Siraj,0,0,,,,,,"",""
ball,4,20.4,South Africa,D Elgar,HE van der Dussen,Mohammed Siraj,0,0,,,,,,"",""
ball,4,20.5,South Africa,D Elgar,HE van der Dussen,Mohammed Siraj,0,0,,,,,,"",""
ball,4,20.6,South Africa,D Elgar,HE van der Dussen,Mohammed Siraj,0,0,,,,,,"",""
ball,4,21.1,South Africa,HE van der Dussen,D Elgar,SN Thakur,0,0,,,,,,"",""
ball,4,21.2,South Africa,HE van der Dussen,D Elgar,SN Thakur,0,1,,1,,,,"",""
ball,4,21.3,South Africa,HE van der Dussen,D Elgar,SN Thakur,0,0,,,,,,"",""
ball,4,21.4,South Africa,HE van der Dussen,D Elgar,SN Thakur,0,0,,,,,,"",""
ball,4,21.5,South Africa,HE van der Dussen,D Elgar,SN Thakur,0,0,,,,,,"",""
ball,4,21.6,South Africa,HE van der Dussen,D Elgar,SN Thakur,0,0,,,,,,"",""
ball,4,21.7,South Africa,HE van der Dussen,D Elgar,SN Thakur,0,0,,,,,,"",""
ball,4,22.1,South Africa,D Elgar,HE van der Dussen,Mohammed Shami,0,0,,,,,,"",""
ball,4,22.2,South Africa,D Elgar,HE van der Dussen,Mohammed Shami,0,0,,,,,,"",""
ball,4,22.3,South Africa,D Elgar,HE van der Dussen,Mohammed Shami,1,0,,,,,,"",""
ball,4,22.4,South Africa,HE van der Dussen,D Elgar,Mohammed Shami,0,0,,,,,,"",""
ball,4,22.5,South Africa,HE van der Dussen,D Elgar,Mohammed Shami,0,0,,,,,,"",""
ball,4,22.6,South Africa,HE van der Dussen,D Elgar,Mohammed Shami,0,0,,,,,,"",""
ball,4,23.1,South Africa,D Elgar,HE van der Dussen,SN Thakur,1,0,,,,,,"",""
ball,4,23.2,South Africa,HE van der Dussen,D Elgar,SN Thakur,1,0,,,,,,"",""
ball,4,23.3,South Africa,D Elgar,HE van der Dussen,SN Thakur,0,0,,,,,,"",""
ball,4,23.4,South Africa,D Elgar,HE van der Dussen,SN Thakur,0,0,,,,,,"",""
ball,4,23.5,South Africa,D Elgar,HE van der Dussen,SN Thakur,4,0,,,,,,"",""
ball,4,23.6,South Africa,D Elgar,HE van der Dussen,SN Thakur,0,0,,,,,,"",""
ball,4,24.1,South Africa,HE van der Dussen,D Elgar,Mohammed Shami,0,0,,,,,,"",""
ball,4,24.2,South Africa,HE van der Dussen,D Elgar,Mohammed Shami,0,0,,,,,,"",""
ball,4,24.3,South Africa,HE van der Dussen,D Elgar,Mohammed Shami,0,0,,,,,,"",""
ball,4,24.4,South Africa,HE van der Dussen,D Elgar,Mohammed Shami,0,0,,,,,,"",""
ball,4,24.5,South Africa,HE van der Dussen,D Elgar,Mohammed Shami,0,0,,,,,,"",""
ball,4,24.6,South Africa,HE van der Dussen,D Elgar,Mohammed Shami,0,0,,,,,,"",""
ball,4,25.1,South Africa,D Elgar,HE van der Dussen,SN Thakur,0,0,,,,,,"",""
ball,4,25.2,South Africa,D Elgar,HE van der Dussen,SN Thakur,0,0,,,,,,"",""
ball,4,25.3,South Africa,D Elgar,HE van der Dussen,SN Thakur,0,0,,,,,,"",""
ball,4,25.4,South Africa,D Elgar,HE van der Dussen,SN Thakur,1,0,,,,,,"",""
ball,4,25.5,South Africa,HE van der Dussen,D Elgar,SN Thakur,0,0,,,,,,"",""
ball,4,25.6,South Africa,HE van der Dussen,D Elgar,SN Thakur,0,0,,,,,,"",""
ball,4,26.1,South Africa,D Elgar,HE van der Dussen,Mohammed Shami,0,0,,,,,,"",""
ball,4,26.2,South Africa,D Elgar,HE van der Dussen,Mohammed Shami,0,0,,,,,,"",""
ball,4,26.3,South Africa,D Elgar,HE van der Dussen,Mohammed Shami,4,0,,,,,,"",""
ball,4,26.4,South Africa,D Elgar,HE van der Dussen,Mohammed Shami,0,0,,,,,,"",""
ball,4,26.5,South Africa,D Elgar,HE van der Dussen,Mohammed Shami,1,0,,,,,,"",""
ball,4,26.6,South Africa,HE van der Dussen,D Elgar,Mohammed Shami,0,0,,,,,,"",""
ball,4,27.1,South Africa,D Elgar,HE van der Dussen,SN Thakur,0,0,,,,,,"",""
ball,4,27.2,South Africa,D Elgar,HE van der Dussen,SN Thakur,0,0,,,,,,"",""
ball,4,27.3,South Africa,D Elgar,HE van der Dussen,SN Thakur,0,0,,,,,,"",""
ball,4,27.4,South Africa,D Elgar,HE van der Dussen,SN Thakur,1,0,,,,,,"",""
ball,4,27.5,South Africa,HE van der Dussen,D Elgar,SN Thakur,0,0,,,,,,"",""
ball,4,27.6,South Africa,HE van der Dussen,D Elgar,SN Thakur,0,0,,,,,,"",""
ball,4,28.1,South Africa,D Elgar,HE van der Dussen,R Ashwin,0,0,,,,,,"",""
ball,4,28.2,South Africa,D Elgar,HE van der Dussen,R Ashwin,0,0,,,,,,"",""
ball,4,28.3,South Africa,D Elgar,HE van der Dussen,R Ashwin,0,0,,,,,,"",""
ball,4,28.4,South Africa,D Elgar,HE van der Dussen,R Ashwin,0,0,,,,,,"",""
ball,4,28.5,South Africa,D Elgar,HE van der Dussen,R Ashwin,0,0,,,,,,"",""
ball,4,28.6,South Africa,D Elgar,HE van der Dussen,R Ashwin,1,0,,,,,,"",""
ball,4,29.1,South Africa,D Elgar,HE van der Dussen,SN Thakur,0,0,,,,,,"",""
ball,4,29.2,South Africa,D Elgar,HE van der Dussen,SN Thakur,0,0,,,,,,"",""
ball,4,29.3,South Africa,D Elgar,HE van der Dussen,SN Thakur,1,1,,1,,,,"",""
ball,4,29.4,South Africa,HE van der Dussen,D Elgar,SN Thakur,0,0,,,,,,"",""
ball,4,29.5,South Africa,HE van der Dussen,D Elgar,SN Thakur,0,0,,,,,,"",""
ball,4,29.6,South Africa,HE van der Dussen,D Elgar,SN Thakur,0,0,,,,,,"",""
ball,4,29.7,South Africa,HE van der Dussen,D Elgar,SN Thakur,0,0,,,,,,"",""
ball,4,30.1,South Africa,D Elgar,HE van der Dussen,R Ashwin,0,0,,,,,,"",""
ball,4,30.2,South Africa,D Elgar,HE van der Dussen,R Ashwin,0,0,,,,,,"",""
ball,4,30.3,South Africa,D Elgar,HE van der Dussen,R Ashwin,0,0,,,,,,"",""
ball,4,30.4,South Africa,D Elgar,HE van der Dussen,R Ashwin,0,0,,,,,,"",""
ball,4,30.5,South Africa,D Elgar,HE van der Dussen,R Ashwin,0,0,,,,,,"",""
ball,4,30.6,South Africa,D Elgar,HE van der Dussen,R Ashwin,0,0,,,,,,"",""
ball,4,31.1,South Africa,HE van der Dussen,D Elgar,Mohammed Siraj,0,0,,,,,,"",""
ball,4,31.2,South Africa,HE van der Dussen,D Elgar,Mohammed Siraj,0,0,,,,,,"",""
ball,4,31.3,South Africa,HE van der Dussen,D Elgar,Mohammed Siraj,0,0,,,,,,"",""
ball,4,31.4,South Africa,HE van der Dussen,D Elgar,Mohammed Siraj,0,0,,,,,,"",""
ball,4,31.5,South Africa,HE van der Dussen,D Elgar,Mohammed Siraj,0,0,,,,,,"",""
ball,4,31.6,South Africa,HE van der Dussen,D Elgar,Mohammed Siraj,0,0,,,,,,"",""
ball,4,32.1,South Africa,D Elgar,HE van der Dussen,R Ashwin,0,0,,,,,,"",""
ball,4,32.2,South Africa,D Elgar,HE van der Dussen,R Ashwin,1,0,,,,,,"",""
ball,4,32.3,South Africa,HE van der Dussen,D Elgar,R Ashwin,1,0,,,,,,"",""
ball,4,32.4,South Africa,D Elgar,HE van der Dussen,R Ashwin,1,0,,,,,,"",""
ball,4,32.5,South Africa,HE van der Dussen,D Elgar,R Ashwin,0,0,,,,,,"",""
ball,4,32.6,South Africa,HE van der Dussen,D Elgar,R Ashwin,0,0,,,,,,"",""
ball,4,33.1,South Africa,D Elgar,HE van der Dussen,Mohammed Siraj,0,0,,,,,,"",""
ball,4,33.2,South Africa,D Elgar,HE van der Dussen,Mohammed Siraj,0,0,,,,,,"",""
ball,4,33.3,South Africa,D Elgar,HE van der Dussen,Mohammed Siraj,0,0,,,,,,"",""
ball,4,33.4,South Africa,D Elgar,HE van der Dussen,Mohammed Siraj,0,0,,,,,,"",""
ball,4,33.5,South Africa,D Elgar,HE van der Dussen,Mohammed Siraj,0,0,,,,,,"",""
ball,4,33.6,South Africa,D Elgar,HE van der Dussen,Mohammed Siraj,0,0,,,,,,"",""
ball,4,34.1,South Africa,HE van der Dussen,D Elgar,R Ashwin,1,0,,,,,,"",""
ball,4,34.2,South Africa,D Elgar,HE van der Dussen,R Ashwin,1,0,,,,,,"",""
ball,4,34.3,South Africa,HE van der Dussen,D Elgar,R Ashwin,0,0,,,,,,"",""
ball,4,34.4,South Africa,HE van der Dussen,D Elgar,R Ashwin,0,0,,,,,,"",""
ball,4,34.5,South Africa,HE van der Dussen,D Elgar,R Ashwin,0,0,,,,,,"",""
ball,4,34.6,South Africa,HE van der Dussen,D Elgar,R Ashwin,0,0,,,,,,"",""
ball,4,35.1,South Africa,D Elgar,HE van der Dussen,Mohammed Siraj,0,0,,,,,,"",""
ball,4,35.2,South Africa,D Elgar,HE van der Dussen,Mohammed Siraj,0,0,,,,,,"",""
ball,4,35.3,South Africa,D Elgar,HE van der Dussen,Mohammed Siraj,0,0,,,,,,"",""
ball,4,35.4,South Africa,D Elgar,HE van der Dussen,Mohammed Siraj,0,0,,,,,,"",""
ball,4,35.5,South Africa,D Elgar,HE van der Dussen,Mohammed Siraj,0,0,,,,,,"",""
ball,4,35.6,South Africa,D Elgar,HE van der Dussen,Mohammed Siraj,0,0,,,,,,"",""
ball,4,36.1,South Africa,HE van der Dussen,D Elgar,JJ Bumrah,0,0,,,,,,"",""
ball,4,36.2,South Africa,HE van der Dussen,D Elgar,JJ Bumrah,0,0,,,,,,"",""
ball,4,36.3,South Africa,HE van der Dussen,D Elgar,JJ Bumrah,0,0,,,,,,"",""
ball,4,36.4,South Africa,HE van der Dussen,D Elgar,JJ Bumrah,0,0,,,,,,bowled,HE van der Dussen
ball,4,36.5,South Africa,KA Maharaj,D Elgar,JJ Bumrah,0,1,,1,,,,"",""
ball,4,36.6,South Africa,KA Maharaj,D Elgar,JJ Bumrah,0,0,,,,,,"",""
ball,4,36.7,South Africa,KA Maharaj,D Elgar,JJ Bumrah,0,0,,,,,,"",""
ball,4,37.1,South Africa,D Elgar,KA Maharaj,Mohammed Siraj,0,0,,,,,,"",""
ball,4,37.2,South Africa,D Elgar,KA Maharaj,Mohammed Siraj,4,0,,,,,,"",""
ball,4,37.3,South Africa,D Elgar,KA Maharaj,Mohammed Siraj,0,0,,,,,,"",""
ball,4,37.4,South Africa,D Elgar,KA Maharaj,Mohammed Siraj,0,0,,,,,,"",""
ball,4,37.5,South Africa,D Elgar,KA Maharaj,Mohammed Siraj,0,0,,,,,,"",""
ball,4,37.6,South Africa,D Elgar,KA Maharaj,Mohammed Siraj,0,0,,,,,,"",""
ball,4,38.1,South Africa,KA Maharaj,D Elgar,JJ Bumrah,0,0,,,,,,"",""
ball,4,38.2,South Africa,KA Maharaj,D Elgar,JJ Bumrah,0,0,,,,,,"",""
ball,4,38.3,South Africa,KA Maharaj,D Elgar,JJ Bumrah,0,0,,,,,,"",""
ball,4,38.4,South Africa,KA Maharaj,D Elgar,JJ Bumrah,0,0,,,,,,"",""
ball,4,38.5,South Africa,KA Maharaj,D Elgar,JJ Bumrah,0,1,,1,,,,"",""
ball,4,38.6,South Africa,KA Maharaj,D Elgar,JJ Bumrah,0,0,,,,,,"",""
ball,4,38.7,South Africa,KA Maharaj,D Elgar,JJ Bumrah,0,0,,,,,,"",""
ball,4,39.1,South Africa,D Elgar,KA Maharaj,Mohammed Siraj,4,0,,,,,,"",""
ball,4,39.2,South Africa,D Elgar,KA Maharaj,Mohammed Siraj,1,0,,,,,,"",""
ball,4,39.3,South Africa,KA Maharaj,D Elgar,Mohammed Siraj,0,0,,,,,,"",""
ball,4,39.4,South Africa,KA Maharaj,D Elgar,Mohammed Siraj,0,0,,,,,,"",""
ball,4,39.5,South Africa,KA Maharaj,D Elgar,Mohammed Siraj,2,0,,,,,,"",""
ball,4,39.6,South Africa,KA Maharaj,D Elgar,Mohammed Siraj,0,1,,,,1,,"",""
ball,4,40.1,South Africa,KA Maharaj,D Elgar,JJ Bumrah,0,0,,,,,,"",""
ball,4,40.2,South Africa,KA Maharaj,D Elgar,JJ Bumrah,2,0,,,,,,"",""
ball,4,40.3,South Africa,KA Maharaj,D Elgar,JJ Bumrah,4,0,,,,,,"",""
ball,4,40.4,South Africa,KA Maharaj,D Elgar,JJ Bumrah,0,0,,,,,,"",""
ball,4,40.5,South Africa,KA Maharaj,D Elgar,JJ Bumrah,0,0,,,,,,bowled,KA Maharaj
ball,4,40.6,South Africa,T Bavuma,D Elgar,JJ Bumrah,0,0,,,,,,"",""
ball,4,41.1,South Africa,D Elgar,T Bavuma,Mohammed Shami,0,0,,,,,,"",""
ball,4,41.2,South Africa,D Elgar,T Bavuma,Mohammed Shami,2,1,,1,,,,"",""
ball,4,41.3,South Africa,D Elgar,T Bavuma,Mohammed Shami,0,0,,,,,,"",""
ball,4,41.4,South Africa,D Elgar,T Bavuma,Mohammed Shami,0,0,,,,,,"",""
ball,4,41.5,South Africa,D Elgar,T Bavuma,Mohammed Shami,4,0,,,,,,"",""
ball,4,41.6,South Africa,D Elgar,T Bavuma,Mohammed Shami,0,0,,,,,,"",""
ball,4,41.7,South Africa,D Elgar,T Bavuma,Mohammed Shami,0,0,,,,,,"",""
ball,4,42.1,South Africa,T Bavuma,D Elgar,JJ Bumrah,0,0,,,,,,"",""
ball,4,42.2,South Africa,T Bavuma,D Elgar,JJ Bumrah,0,0,,,,,,"",""
ball,4,42.3,South Africa,T Bavuma,D Elgar,JJ Bumrah,4,0,,,,,,"",""
ball,4,42.4,South Africa,T Bavuma,D Elgar,JJ Bumrah,0,0,,,,,,"",""
ball,4,42.5,South Africa,T Bavuma,D Elgar,JJ Bumrah,0,0,,,,,,"",""
ball,4,42.6,South Africa,T Bavuma,D Elgar,JJ Bumrah,0,0,,,,,,"",""
ball,4,43.1,South Africa,D Elgar,T Bavuma,Mohammed Shami,0,0,,,,,,"",""
ball,4,43.2,South Africa,D Elgar,T Bavuma,Mohammed Shami,0,0,,,,,,"",""
ball,4,43.3,South Africa,D Elgar,T Bavuma,Mohammed Shami,1,0,,,,,,"",""
ball,4,43.4,South Africa,T Bavuma,D Elgar,Mohammed Shami,0,0,,,,,,"",""
ball,4,43.5,South Africa,T Bavuma,D Elgar,Mohammed Shami,0,0,,,,,,"",""
ball,4,43.6,South Africa,T Bavuma,D Elgar,Mohammed Shami,0,0,,,,,,"",""
ball,4,44.1,South Africa,D Elgar,T Bavuma,JJ Bumrah,4,0,,,,,,"",""
ball,4,44.2,South Africa,D Elgar,T Bavuma,JJ Bumrah,0,0,,,,,,"",""
ball,4,44.3,South Africa,D Elgar,T Bavuma,JJ Bumrah,0,0,,,,,,"",""
ball,4,44.4,South Africa,D Elgar,T Bavuma,JJ Bumrah,0,0,,,,,,"",""
ball,4,44.5,South Africa,D Elgar,T Bavuma,JJ Bumrah,0,0,,,,,,"",""
ball,4,44.6,South Africa,D Elgar,T Bavuma,JJ Bumrah,0,0,,,,,,"",""
ball,4,45.1,South Africa,T Bavuma,D Elgar,Mohammed Shami,0,0,,,,,,"",""
ball,4,45.2,South Africa,T Bavuma,D Elgar,Mohammed Shami,0,0,,,,,,"",""
ball,4,45.3,South Africa,T Bavuma,D Elgar,Mohammed Shami,1,0,,,,,,"",""
ball,4,45.4,South Africa,D Elgar,T Bavuma,Mohammed Shami,0,0,,,,,,"",""
ball,4,45.5,South Africa,D Elgar,T Bavuma,Mohammed Shami,0,0,,,,,,"",""
ball,4,45.6,South Africa,D Elgar,T Bavuma,Mohammed Shami,4,0,,,,,,"",""
ball,4,46.1,South Africa,T Bavuma,D Elgar,JJ Bumrah,2,0,,,,,,"",""
ball,4,46.2,South Africa,T Bavuma,D Elgar,JJ Bumrah,0,0,,,,,,"",""
ball,4,46.3,South Africa,T Bavuma,D Elgar,JJ Bumrah,0,0,,,,,,"",""
ball,4,46.4,South Africa,T Bavuma,D Elgar,JJ Bumrah,0,0,,,,,,"",""
ball,4,46.5,South Africa,T Bavuma,D Elgar,JJ Bumrah,0,0,,,,,,"",""
ball,4,46.6,South Africa,T Bavuma,D Elgar,JJ Bumrah,0,0,,,,,,"",""
ball,4,47.1,South Africa,D Elgar,T Bavuma,Mohammed Shami,1,0,,,,,,"",""
ball,4,47.2,South Africa,T Bavuma,D Elgar,Mohammed Shami,0,0,,,,,,"",""
ball,4,47.3,South Africa,T Bavuma,D Elgar,Mohammed Shami,0,0,,,,,,"",""
ball,4,47.4,South Africa,T Bavuma,D Elgar,Mohammed Shami,0,0,,,,,,"",""
ball,4,47.5,South Africa,T Bavuma,D Elgar,Mohammed Shami,0,0,,,,,,"",""
ball,4,47.6,South Africa,T Bavuma,D Elgar,Mohammed Shami,0,0,,,,,,"",""
ball,4,48.1,South Africa,D Elgar,T Bavuma,JJ Bumrah,4,0,,,,,,"",""
ball,4,48.2,South Africa,D Elgar,T Bavuma,JJ Bumrah,0,0,,,,,,"",""
ball,4,48.3,South Africa,D Elgar,T Bavuma,JJ Bumrah,4,0,,,,,,"",""
ball,4,48.4,South Africa,D Elgar,T Bavuma,JJ Bumrah,0,0,,,,,,"",""
ball,4,48.5,South Africa,D Elgar,T Bavuma,JJ Bumrah,0,0,,,,,,"",""
ball,4,48.6,South Africa,D Elgar,T Bavuma,JJ Bumrah,0,0,,,,,,"",""
ball,4,49.1,South Africa,T Bavuma,D Elgar,Mohammed Siraj,0,0,,,,,,"",""
ball,4,49.2,South Africa,T Bavuma,D Elgar,Mohammed Siraj,3,0,,,,,,"",""
ball,4,49.3,South Africa,D Elgar,T Bavuma,Mohammed Siraj,0,0,,,,,,"",""
ball,4,49.4,South Africa,D Elgar,T Bavuma,Mohammed Siraj,0,0,,,,,,"",""
ball,4,49.5,South Africa,D Elgar,T Bavuma,Mohammed Siraj,1,0,,,,,,"",""
ball,4,49.6,South Africa,T Bavuma,D Elgar,Mohammed Siraj,0,0,,,,,,"",""
ball,4,50.1,South Africa,D Elgar,T Bavuma,JJ Bumrah,0,0,,,,,,"",""
ball,4,50.2,South Africa,D Elgar,T Bavuma,JJ Bumrah,0,0,,,,,,"",""
ball,4,50.3,South Africa,D Elgar,T Bavuma,JJ Bumrah,0,0,,,,,,"",""
ball,4,50.4,South Africa,D Elgar,T Bavuma,JJ Bumrah,0,0,,,,,,"",""
ball,4,50.5,South Africa,D Elgar,T Bavuma,JJ Bumrah,0,0,,,,,,lbw,D Elgar
ball,4,50.6,South Africa,Q de Kock,T Bavuma,JJ Bumrah,0,0,,,,,,"",""
ball,4,51.1,South Africa,T Bavuma,Q de Kock,Mohammed Siraj,0,0,,,,,,"",""
ball,4,51.2,South Africa,T Bavuma,Q de Kock,Mohammed Siraj,0,0,,,,,,"",""
ball,4,51.3,South Africa,T Bavuma,Q de Kock,Mohammed Siraj,0,0,,,,,,"",""
ball,4,51.4,South Africa,T Bavuma,Q de Kock,Mohammed Siraj,0,0,,,,,,"",""
ball,4,51.5,South Africa,T Bavuma,Q de Kock,Mohammed Siraj,1,0,,,,,,"",""
ball,4,51.6,South Africa,Q de Kock,T Bavuma,Mohammed Siraj,0,0,,,,,,"",""
ball,4,52.1,South Africa,T Bavuma,Q de Kock,JJ Bumrah,0,0,,,,,,"",""
ball,4,52.2,South Africa,T Bavuma,Q de Kock,JJ Bumrah,0,0,,,,,,"",""
ball,4,52.3,South Africa,T Bavuma,Q de Kock,JJ Bumrah,0,0,,,,,,"",""
ball,4,52.4,South Africa,T Bavuma,Q de Kock,JJ Bumrah,0,0,,,,,,"",""
ball,4,52.5,South Africa,T Bavuma,Q de Kock,JJ Bumrah,0,0,,,,,,"",""
ball,4,52.6,South Africa,T Bavuma,Q de Kock,JJ Bumrah,0,0,,,,,,"",""
ball,4,53.1,South Africa,Q de Kock,T Bavuma,Mohammed Siraj,0,0,,,,,,"",""
ball,4,53.2,South Africa,Q de Kock,T Bavuma,Mohammed Siraj,2,0,,,,,,"",""
ball,4,53.3,South Africa,Q de Kock,T Bavuma,Mohammed Siraj,0,0,,,,,,"",""
ball,4,53.4,South Africa,Q de Kock,T Bavuma,Mohammed Siraj,1,0,,,,,,"",""
ball,4,53.5,South Africa,T Bavuma,Q de Kock,Mohammed Siraj,4,0,,,,,,"",""
ball,4,53.6,South Africa,T Bavuma,Q de Kock,Mohammed Siraj,0,0,,,,,,"",""
ball,4,54.1,South Africa,Q de Kock,T Bavuma,JJ Bumrah,2,0,,,,,,"",""
ball,4,54.2,South Africa,Q de Kock,T Bavuma,JJ Bumrah,0,0,,,,,,"",""
ball,4,54.3,South Africa,Q de Kock,T Bavuma,JJ Bumrah,0,0,,,,,,"",""
ball,4,54.4,South Africa,Q de Kock,T Bavuma,JJ Bumrah,0,0,,,,,,"",""
ball,4,54.5,South Africa,Q de Kock,T Bavuma,JJ Bumrah,4,0,,,,,,"",""
ball,4,54.6,South Africa,Q de Kock,T Bavuma,JJ Bumrah,4,0,,,,,,"",""
ball,4,55.1,South Africa,T Bavuma,Q de Kock,Mohammed Siraj,2,0,,,,,,"",""
ball,4,55.2,South Africa,T Bavuma,Q de Kock,Mohammed Siraj,0,0,,,,,,"",""
ball,4,55.3,South Africa,T Bavuma,Q de Kock,Mohammed Siraj,0,0,,,,,,"",""
ball,4,55.4,South Africa,T Bavuma,Q de Kock,Mohammed Siraj,0,0,,,,,,"",""
ball,4,55.5,South Africa,T Bavuma,Q de Kock,Mohammed Siraj,0,0,,,,,,"",""
ball,4,55.6,South Africa,T Bavuma,Q de Kock,Mohammed Siraj,0,0,,,,,,"",""
ball,4,56.1,South Africa,Q de Kock,T Bavuma,R Ashwin,0,0,,,,,,"",""
ball,4,56.2,South Africa,Q de Kock,T Bavuma,R Ashwin,0,0,,,,,,"",""
ball,4,56.3,South Africa,Q de Kock,T Bavuma,R Ashwin,1,0,,,,,,"",""
ball,4,56.4,South Africa,T Bavuma,Q de Kock,R Ashwin,1,0,,,,,,"",""
ball,4,56.5,South Africa,Q de Kock,T Bavuma,R Ashwin,1,0,,,,,,"",""
ball,4,56.6,South Africa,T Bavuma,Q de Kock,R Ashwin,0,0,,,,,,"",""
ball,4,57.1,South Africa,Q de Kock,T Bavuma,Mohammed Siraj,2,0,,,,,,"",""
ball,4,57.2,South Africa,Q de Kock,T Bavuma,Mohammed Siraj,0,0,,,,,,"",""
ball,4,57.3,South Africa,Q de Kock,T Bavuma,Mohammed Siraj,0,0,,,,,,"",""
ball,4,57.4,South Africa,Q de Kock,T Bavuma,Mohammed Siraj,1,0,,,,,,"",""
ball,4,57.5,South Africa,T Bavuma,Q de Kock,Mohammed Siraj,1,0,,,,,,"",""
ball,4,57.6,South Africa,Q de Kock,T Bavuma,Mohammed Siraj,1,0,,,,,,"",""
ball,4,58.1,South Africa,Q de Kock,T Bavuma,R Ashwin,1,0,,,,,,"",""
ball,4,58.2,South Africa,T Bavuma,Q de Kock,R Ashwin,0,0,,,,,,"",""
ball,4,58.3,South Africa,T Bavuma,Q de Kock,R Ashwin,1,0,,,,,,"",""
ball,4,58.4,South Africa,Q de Kock,T Bavuma,R Ashwin,0,0,,,,,,"",""
ball,4,58.5,South Africa,Q de Kock,T Bavuma,R Ashwin,0,0,,,,,,"",""
ball,4,58.6,South Africa,Q de Kock,T Bavuma,R Ashwin,1,0,,,,,,"",""
ball,4,59.1,South Africa,Q de Kock,T Bavuma,Mohammed Siraj,0,0,,,,,,"",""
ball,4,59.2,South Africa,Q de Kock,T Bavuma,Mohammed Siraj,0,0,,,,,,"",""
ball,4,59.3,South Africa,Q de Kock,T Bavuma,Mohammed Siraj,0,0,,,,,,bowled,Q de Kock
ball,4,59.4,South Africa,PWA Mulder,T Bavuma,Mohammed Siraj,1,0,,,,,,"",""
ball,4,59.5,South Africa,T Bavuma,PWA Mulder,Mohammed Siraj,2,0,,,,,,"",""
ball,4,59.6,South Africa,T Bavuma,PWA Mulder,Mohammed Siraj,0,0,,,,,,"",""
ball,4,60.1,South Africa,PWA Mulder,T Bavuma,Mohammed Shami,0,0,,,,,,"",""
ball,4,60.2,South Africa,PWA Mulder,T Bavuma,Mohammed Shami,0,0,,,,,,caught,PWA Mulder
ball,4,60.3,South Africa,M Jansen,T Bavuma,Mohammed Shami,0,0,,,,,,"",""
ball,4,60.4,South Africa,M Jansen,T Bavuma,Mohammed Shami,0,0,,,,,,"",""
ball,4,60.5,South Africa,M Jansen,T Bavuma,Mohammed Shami,0,0,,,,,,"",""
ball,4,60.6,South Africa,M Jansen,T Bavuma,Mohammed Shami,0,0,,,,,,"",""
ball,4,61.1,South Africa,T Bavuma,M Jansen,Mohammed Siraj,0,0,,,,,,"",""
ball,4,61.2,South Africa,T Bavuma,M Jansen,Mohammed Siraj,0,0,,,,,,"",""
ball,4,61.3,South Africa,T Bavuma,M Jansen,Mohammed Siraj,0,0,,,,,,"",""
ball,4,61.4,South Africa,T Bavuma,M Jansen,Mohammed Siraj,0,0,,,,,,"",""
ball,4,61.5,South Africa,T Bavuma,M Jansen,Mohammed Siraj,0,1,,,,1,,"",""
ball,4,61.6,South Africa,M Jansen,T Bavuma,Mohammed Siraj,0,0,,,,,,"",""
ball,4,62.1,South Africa,T Bavuma,M Jansen,Mohammed Shami,0,0,,,,,,"",""
ball,4,62.2,South Africa,T Bavuma,M Jansen,Mohammed Shami,0,0,,,,,,"",""
ball,4,62.3,South Africa,T Bavuma,M Jansen,Mohammed Shami,4,0,,,,,,"",""
ball,4,62.4,South Africa,T Bavuma,M Jansen,Mohammed Shami,1,0,,,,,,"",""
ball,4,62.5,South Africa,M Jansen,T Bavuma,Mohammed Shami,4,0,,,,,,"",""
ball,4,62.6,South Africa,M Jansen,T Bavuma,Mohammed Shami,0,0,,,,,,"",""
ball,4,63.1,South Africa,T Bavuma,M Jansen,R Ashwin,0,0,,,,,,"",""
ball,4,63.2,South Africa,T Bavuma,M Jansen,R Ashwin,4,0,,,,,,"",""
ball,4,63.3,South Africa,T Bavuma,M Jansen,R Ashwin,0,0,,,,,,"",""
ball,4,63.4,South Africa,T Bavuma,M Jansen,R Ashwin,0,0,,,,,,"",""
ball,4,63.5,South Africa,T Bavuma,M Jansen,R Ashwin,0,0,,,,,,"",""
ball,4,63.6,South Africa,T Bavuma,M Jansen,R Ashwin,1,0,,,,,,"",""
ball,4,64.1,South Africa,T Bavuma,M Jansen,Mohammed Shami,0,0,,,,,,"",""
ball,4,64.2,South Africa,T Bavuma,M Jansen,Mohammed Shami,0,0,,,,,,"",""
ball,4,64.3,South Africa,T Bavuma,M Jansen,Mohammed Shami,1,0,,,,,,"",""
ball,4,64.4,South Africa,M Jansen,T Bavuma,Mohammed Shami,1,0,,,,,,"",""
ball,4,64.5,South Africa,T Bavuma,M Jansen,Mohammed Shami,1,0,,,,,,"",""
ball,4,64.6,South Africa,M Jansen,T Bavuma,Mohammed Shami,0,0,,,,,,"",""
ball,4,65.1,South Africa,T Bavuma,M Jansen,R Ashwin,0,0,,,,,,"",""
ball,4,65.2,South Africa,T Bavuma,M Jansen,R Ashwin,0,0,,,,,,"",""
ball,4,65.3,South Africa,T Bavuma,M Jansen,R Ashwin,0,0,,,,,,"",""
ball,4,65.4,South Africa,T Bavuma,M Jansen,R Ashwin,0,0,,,,,,"",""
ball,4,65.5,South Africa,T Bavuma,M Jansen,R Ashwin,0,0,,,,,,"",""
ball,4,65.6,South Africa,T Bavuma,M Jansen,R Ashwin,0,0,,,,,,"",""
ball,4,66.1,South Africa,M Jansen,T Bavuma,Mohammed Shami,4,0,,,,,,"",""
ball,4,66.2,South Africa,M Jansen,T Bavuma,Mohammed Shami,4,0,,,,,,"",""
ball,4,66.3,South Africa,M Jansen,T Bavuma,Mohammed Shami,0,0,,,,,,"",""
ball,4,66.4,South Africa,M Jansen,T Bavuma,Mohammed Shami,0,0,,,,,,"",""
ball,4,66.5,South Africa,M Jansen,T Bavuma,Mohammed Shami,0,0,,,,,,caught,M Jansen
ball,4,66.6,South Africa,K Rabada,T Bavuma,Mohammed Shami,0,0,,,,,,"",""
ball,4,67.1,South Africa,T Bavuma,K Rabada,R Ashwin,0,0,,,,,,"",""
ball,4,67.2,South Africa,T Bavuma,K Rabada,R Ashwin,1,0,,,,,,"",""
ball,4,67.3,South Africa,K Rabada,T Bavuma,R Ashwin,0,0,,,,,,"",""
ball,4,67.4,South Africa,K Rabada,T Bavuma,R Ashwin,0,0,,,,,,"",""
ball,4,67.5,South Africa,K Rabada,T Bavuma,R Ashwin,0,0,,,,,,caught,K Rabada
ball,4,67.6,South Africa,L Ngidi,T Bavuma,R Ashwin,0,0,,,,,,caught,L Ngidi
